1
4.972475
79.910729
0.025990
2
9.872910
78.894962
-0.008563
3
15.080004
78.314040
-0.130692
4
20.170922
77.267515
-0.004376
5
24.652469
76.543914
0.096836
6
29.404936
74.834997
0.083990
7
34.112421
72.151330
0.017594
8
38.608111
69.901341
0.041104
9
43.123632
67.066461
-0.077902
10
46.918216
64.726144
0.077314
11
50.875705
61.595621
-0.055714
12
54.810883
58.152025
0.094510
13
58.257262
54.837579
0.116258
14
61.726265
50.976534
-0.073247
15
64.661921
46.933995
0.109240
16
67.622210
43.415346
-0.180636
17
70.116684
38.972143
0.059211
18
72.456834
34.234182
0.021572
19
74.512575
28.516057
0.012933
20
76.039240
25.095442
-0.060652
21
77.585910
19.829270
-0.106726
22
78.630733
14.356442
0.072652
23
79.473592
10.574320
-0.038241
24
79.992557
5.262522
-0.016883
25
80.031740
-0.302191
0.007807
26
79.737666
-4.764336
0.003585
27
79.230650
-9.962393
-0.123576
28
78.749388
-14.716745
-0.249871
29
77.487763
-19.805781
-0.064661
30
76.198364
-24.856985
-0.038955
31
74.705585
-28.836472
-0.155761
32
72.512068
-34.616830
0.146945
33
70.282962
-38.775642
-0.108963
34
67.621213
-42.948999
-0.122015
35
64.764983
-47.628386
-0.106697
36
61.639559
-51.528750
-0.104893
37
58.406058
-54.807301
0.011998
38
54.641315
-58.003792
-0.043146
39
51.018783
-61.658966
-0.061604
40
47.292257
-64.576579
-0.077379
41
42.835681
-67.967774
0.215659
42
38.391946
-70.072274
-0.170510
43
34.039204
-72.374928
0.042741
44
29.346708
-74.774521
-0.012272
45
24.775550
-76.580607
0.101416
46
19.753453
-77.571507
0.098969
47
14.945737
-78.213337
-0.101661
48
10.000200
-79.278165
-0.058837
49
4.988714
-79.724539
-0.059786
50
0.051260
-79.855769
-0.086653
51
-4.912229
-79.753667
-0.159215
52
-10.105288
-79.556028
-0.168156
53
-15.003602
-78.669299
-0.099173
54
-19.511061
-77.085213
-0.042404
55
-24.675595
-76.087768
-0.067371
56
-29.595114
-73.858603
-0.208274
57
-33.951077
-72.354625
-0.177542
58
-38.519478
-70.322440
0.047687
59
-42.587600
-67.571319
-0.034752
60
-47.268537
-64.581902
-0.242669
61
-51.028989
-61.415003
-0.327334
62
-54.829980
-58.663341
-0.001030
63
-58.371581
-55.156812
0.142503
64
-61.731195
-50.668569
0.043370
65
-64.642168
-47.503063
-0.124953
66
-67.493793
-42.847287
-0.228331
67
-69.943644
-38.228057
-0.067368
68
-72.515900
-33.995419
0.029781
69
-74.264865
-29.222032
0.077620
70
-76.255197
-24.546904
0.170946
71
-77.768225
-19.511065
-0.007285
72
-78.457315
-15.316447
-0.051014
73
-79.346265
-9.714700
0.006613
74
-79.684622
-5.022527
-0.054281
75
-79.952320
0.065580
0.039993
76
-79.935243
4.778145
0.211147
77
-79.394259
9.788566
0.107578
78
-78.573695
15.241777
0.079760
79
-77.758604
19.954017
0.114138
80
-75.969528
25.288729
0.147484
81
-74.487965
29.417391
-0.075903
82
-72.229564
33.920215
-0.033795
83
-70.018524
38.817625
-0.017655
84
-67.427189
43.059605
0.057665
85
-64.717317
47.114103
-0.009867
86
-61.708003
51.263458
0.216055
87
-58.326202
54.613054
-0.055939
88
-54.770618
58.081751
0.148347
89
-50.986915
62.015140
-0.209741
90
-47.157716
64.549273
0.030527
91
-42.972824
67.694188
0.172268
92
-38.666802
70.101405
0.074051
93
-34.166435
72.416964
0.024459
94
-29.592841
74.498567
0.002019
95
-24.801850
75.950696
-0.102434
96
-19.733832
77.422068
-0.204235
97
-14.855293
78.439036
0.209941
98
-10.122672
79.092837
0.137474
99
-4.970030
79.401303
-0.067645
100
-0.163267
80.013407
0.064778
