1
5.366039
82.294754
-1.378124
2
10.576349
79.795489
-0.797821
3
14.714063
79.041202
2.183182
4
21.660883
75.681330
1.851608
5
25.183851
76.000192
0.436065
6
29.319285
74.216090
0.908865
7
34.960692
74.281500
0.409681
8
37.770444
71.063761
0.994607
9
43.177844
68.930020
0.443473
10
46.829357
65.114380
-0.480322
11
51.560328
60.106982
-0.652118
12
54.247662
54.379840
0.877557
13
58.524820
53.754136
0.836020
14
60.549859
50.857181
-0.147307
15
64.924874
47.441234
-0.527664
16
67.527074
42.645636
0.382965
17
70.801561
40.023823
-0.526915
18
72.435486
32.438598
-0.679347
19
74.377752
31.499686
-0.469574
20
76.321299
24.419666
0.681700
21
76.792305
19.938733
0.337097
22
79.284689
17.055716
0.052427
23
78.418193
9.033913
-0.647672
24
81.340704
4.199943
0.456402
25
79.877321
1.188417
-0.466635
26
78.948103
-6.925510
0.297847
27
79.256088
-10.288858
0.865922
28
78.768884
-14.725955
0.968656
29
76.973755
-18.963534
0.509488
30
75.929137
-24.432925
-0.711282
31
73.650226
-29.309706
0.440648
32
74.034579
-34.954235
0.114291
33
70.051939
-41.125496
-0.267813
34
66.402012
-41.742235
-0.541789
35
64.785175
-47.751067
0.185178
36
61.258313
-50.338645
0.451086
37
59.408927
-55.023387
-1.304612
38
54.228477
-56.505872
-0.654122
39
51.606588
-61.475157
0.876529
40
45.772622
-64.985759
-0.736907
41
44.720183
-66.442596
0.841311
42
37.865637
-70.731255
-0.166234
43
34.762659
-72.757787
0.428011
44
28.141801
-74.855354
-0.502471
45
23.715886
-75.405162
0.172039
46
19.916537
-79.270298
0.687884
47
15.213767
-78.982947
0.013965
48
9.859620
-81.709889
-0.174276
49
4.493193
-81.151717
-0.705521
50
-0.340177
-82.678301
0.588277
51
-4.691670
-79.868923
-0.021214
52
-10.535539
-78.006799
-0.081276
53
-15.446064
-76.775653
-0.137133
54
-20.270734
-77.879515
-0.517320
55
-25.435512
-72.706280
1.010020
56
-29.253891
-76.063374
-0.528022
57
-34.174895
-71.327734
-0.812657
58
-40.025732
-72.042540
0.203475
59
-42.616631
-66.942163
-0.079487
60
-46.905707
-65.358161
0.525920
61
-51.862086
-61.032508
-0.517798
62
-54.977280
-57.578204
0.633950
63
-59.030056
-53.077779
0.402754
64
-61.684328
-51.255006
-0.132762
65
-64.914610
-46.991999
0.031292
66
-67.019567
-40.823983
0.284865
67
-70.238240
-37.704172
0.111787
68
-73.042706
-32.792865
0.187339
69
-74.295936
-28.760880
0.159484
70
-76.684778
-24.938468
-0.089108
71
-77.825844
-17.645566
-0.534283
72
-78.891443
-15.942732
-0.716388
73
-79.491741
-10.393197
0.933498
74
-80.000907
-6.446508
0.978270
75
-79.212814
-0.307100
-0.918909
76
-80.125617
4.814688
0.168429
77
-79.535685
10.619686
0.239095
78
-79.380367
13.722714
-0.452149
79
-77.810419
19.466457
0.007607
80
-78.015814
24.110154
0.758018
81
-75.062209
30.698721
0.213731
82
-72.404657
34.306353
-0.954841
83
-70.158434
40.685393
0.060002
84
-67.519856
41.884275
-0.018799
85
-64.573224
47.593066
-0.227451
86
-61.791814
53.700379
-1.377823
87
-56.896077
55.215222
0.610138
88
-55.824779
57.528385
-0.169647
89
-50.724411
59.407353
0.287744
90
-47.796087
64.809881
0.398003
91
-42.657622
68.994135
0.613808
92
-38.955289
70.448318
-0.576165
93
-34.905067
73.623015
0.000030
94
-29.484979
75.600650
0.362756
95
-24.498084
77.756592
0.567265
96
-19.742327
76.563372
-0.397513
97
-14.230465
76.427337
-0.014924
98
-11.269173
80.733978
0.525734
99
-5.022501
79.747401
-1.516883
100
0.370534
77.067864
-1.414994
