1
5.265955
81.353101
0.011035
2
10.002243
81.189452
-0.248780
3
14.989049
79.567155
0.073119
4
20.611778
78.593070
0.142310
5
24.324694
76.690835
-0.674830
6
29.574659
75.247076
0.103981
7
34.511023
74.567579
0.450953
8
38.676435
70.791055
0.207671
9
42.195568
67.100711
0.597746
10
47.000590
65.344500
-0.491253
11
51.026826
62.283318
-0.664529
12
54.941058
58.122934
-0.458569
13
58.298346
52.734893
-1.038624
14
61.040769
49.934138
-0.572534
15
63.841304
47.331198
-0.778090
16
67.602451
43.708234
-0.001087
17
70.152025
38.135700
-0.723665
18
72.363814
35.090340
0.848403
19
74.162692
27.708875
0.081191
20
76.276436
24.478543
-0.560762
21
78.519165
17.370712
-0.248907
22
77.908884
14.309905
0.155137
23
79.439588
9.266236
0.379240
24
80.159591
5.715881
-0.207742
25
80.534829
0.706897
1.224483
26
80.384557
-3.785439
0.025858
27
78.712034
-10.423832
-0.369863
28
78.295327
-14.396557
-0.271752
29
77.030100
-20.333135
-0.078526
30
76.293303
-25.740595
0.154876
31
74.421913
-28.032990
-0.104044
32
72.317573
-35.315589
-0.676120
33
70.262909
-38.807225
0.245868
34
67.090931
-40.824206
0.059658
35
65.255400
-47.265604
-0.079314
36
61.993021
-50.399309
-0.546775
37
57.535739
-55.938389
-0.691011
38
54.794153
-58.757492
-0.179619
39
50.299759
-60.806992
0.214468
40
46.977108
-63.628788
-0.426572
41
43.077662
-67.173433
0.170464
42
38.168341
-69.754845
-0.251304
43
33.605110
-73.673553
0.506537
44
29.018490
-74.567121
-0.589919
45
24.569810
-79.542512
-0.530523
46
19.167636
-78.572024
-0.104092
47
14.824561
-76.502649
-0.279071
48
9.899130
-81.048203
-0.233001
49
4.340805
-79.809721
0.416375
50
0.206190
-80.749601
-0.795836
51
-4.278561
-77.648776
0.058814
52
-10.531559
-78.087668
-0.289264
53
-15.230132
-77.634636
-0.676099
54
-20.893235
-77.036559
0.195592
55
-24.672832
-75.553114
0.528220
56
-28.954987
-74.990437
0.395331
57
-33.973978
-72.927049
-0.582429
58
-38.210306
-70.482879
0.022664
59
-43.270587
-69.205146
0.083748
60
-47.054514
-63.438507
0.391296
61
-50.456680
-62.442290
-0.457003
62
-55.411067
-57.784696
1.361296
63
-57.946391
-55.590878
0.408345
64
-62.216565
-52.517975
0.350170
65
-65.118131
-46.684744
0.686502
66
-67.341640
-41.871490
-0.783761
67
-69.767117
-36.252288
0.264120
68
-73.172090
-34.279688
-0.244023
69
-74.186757
-29.009123
0.197913
70
-76.270068
-25.362527
-0.287767
71
-77.051304
-21.877744
-0.101181
72
-78.445073
-15.688912
0.232925
73
-79.405553
-11.030557
0.078758
74
-79.978925
-5.461769
-0.347183
75
-79.968660
-1.975193
-0.194419
76
-80.119375
4.047592
0.318569
77
-79.743692
10.605088
0.476289
78
-78.662992
15.287726
0.312136
79
-77.527956
20.473874
-0.616233
80
-75.518149
23.662616
-0.892619
81
-73.675954
29.382852
0.219110
82
-72.571444
32.970411
-1.499865
83
-69.785100
38.233567
-0.096319
84
-67.339355
41.347568
-0.356028
85
-64.136164
47.662482
-0.625368
86
-62.764836
50.382737
0.104447
87
-57.836830
54.864046
-0.547778
88
-54.607612
57.063197
-0.469029
89
-51.327357
60.325718
-0.132253
90
-47.481840
64.415701
-0.225699
91
-43.075155
67.007492
0.601948
92
-38.229007
70.167736
-0.715988
93
-34.891586
70.284055
1.271545
94
-28.954004
74.657065
-0.475508
95
-25.306064
76.670447
0.763887
96
-20.758882
77.005838
-0.041141
97
-16.006525
79.483038
-0.202387
98
-9.051349
78.950949
0.199714
99
-5.605938
79.173590
-0.570431
100
0.200233
81.392852
-0.289745
