1
5.043942
79.718493
-0.007436
2
10.041311
79.402239
0.014843
3
14.967581
78.535670
0.031245
4
19.887261
77.508349
-0.023895
5
24.718631
76.009229
0.005907
6
29.434285
74.325040
0.002249
7
34.047106
72.342548
-0.033381
8
38.512205
70.147917
0.035722
9
42.876770
67.597551
-0.002964
10
46.974522
64.810464
-0.036224
11
51.046882
61.636026
0.016433
12
54.724727
58.070904
0.022926
13
58.309941
54.796316
-0.051957
14
61.684949
51.041894
-0.046903
15
64.699507
47.039992
0.034497
16
67.503301
42.890711
-0.042915
17
70.079527
38.441643
-0.009919
18
72.375236
34.025237
-0.015001
19
74.429297
29.498937
0.002162
20
76.022328
24.563701
0.095366
21
77.496483
19.817015
-0.041964
22
78.642850
14.854626
-0.016451
23
79.292975
10.094163
-0.015179
24
79.827185
5.056076
-0.041820
25
79.955292
0.031502
0.047655
26
79.858831
-5.063713
0.003738
27
79.373777
-10.109858
-0.031375
28
78.575648
-15.059981
0.006613
29
77.477045
-19.911606
-0.080589
30
76.031223
-24.752352
0.019240
31
74.450918
-29.459343
-0.011721
32
72.404915
-34.000937
0.028490
33
70.125205
-38.547639
-0.027830
34
67.595255
-42.931120
-0.045275
35
64.798279
-47.020770
0.011286
36
61.705105
-50.983890
0.019405
37
58.350161
-54.732542
-0.042317
38
54.746531
-58.308724
-0.009172
39
50.954406
-61.667001
0.028060
40
46.978426
-64.530588
0.055864
41
42.854621
-67.602296
0.030484
42
38.522625
-70.033630
0.015958
43
34.081651
-72.418333
-0.018810
44
29.424289
-74.286897
0.028944
45
24.721483
-76.055183
0.129098
46
19.835645
-77.332979
0.022324
47
15.090628
-78.538770
0.010770
48
9.985921
-79.511079
-0.015481
49
5.048021
-79.867626
0.064756
50
0.006274
-80.022690
0.042176
51
-4.997470
-79.895830
-0.014654
52
-10.004639
-79.431613
-0.038933
53
-15.006703
-78.553965
-0.012881
54
-19.993291
-77.449270
0.067852
55
-24.686514
-76.103758
0.006626
56
-29.446277
-74.448758
-0.012895
57
-34.080730
-72.319014
0.092919
58
-38.535384
-70.220276
0.047680
59
-42.929742
-67.390266
-0.039707
60
-46.980782
-64.709549
0.084035
61
-50.988628
-61.794089
-0.013361
62
-54.793023
-58.407980
0.002862
63
-58.344874
-54.786278
0.042700
64
-61.622486
-50.911588
0.031874
65
-64.704953
-47.046823
-0.032941
66
-67.543654
-42.881159
0.010679
67
-70.089503
-38.524682
0.010242
68
-72.415790
-33.999209
0.051574
69
-74.308375
-29.464107
-0.008923
70
-76.114831
-24.797829
0.012955
71
-77.466475
-19.826647
0.049120
72
-78.589390
-14.962178
0.026256
73
-79.407654
-9.963212
-0.004267
74
-79.878887
-5.154343
0.027865
75
-79.937568
-0.122948
-0.048937
76
-79.843732
4.973851
0.048106
77
-79.435828
10.043133
0.043668
78
-78.631395
14.978522
-0.059904
79
-77.454964
19.912663
-0.069890
80
-76.096075
24.866887
0.033489
81
-74.332031
29.366131
-0.012749
82
-72.328692
34.120951
0.017964
83
-70.076039
38.473840
0.021031
84
-67.502651
42.831971
0.023287
85
-64.755726
47.035358
0.058469
86
-61.652866
51.030563
-0.010070
87
-58.322645
54.762298
0.016868
88
-54.746483
58.449762
-0.074250
89
-50.984892
61.574042
-0.046708
90
-46.999382
64.744580
0.014471
91
-42.885182
67.537674
-0.025179
92
-38.449815
70.065839
0.023701
93
-34.011100
72.308397
0.007640
94
-29.430378
74.383030
-0.001610
95
-24.745461
76.080760
0.098215
96
-19.874037
77.400274
0.037728
97
-14.965559
78.560603
0.008975
98
-10.113690
79.238116
0.015209
99
-5.034578
79.722021
-0.033122
100
-0.027765
79.930470
-0.015442
