1
5.053819
79.081046
0.150630
2
10.285628
80.057449
-0.253006
3
15.162409
78.663732
0.302391
4
20.100291
78.207148
-0.048297
5
24.665049
76.893192
-0.777386
6
29.256941
73.362552
-0.140049
7
34.310488
73.048755
-0.371531
8
38.360092
70.214488
-0.106840
9
42.981601
67.867152
-0.340422
10
46.955176
63.010497
0.419271
11
50.753268
60.675051
-0.092959
12
54.217257
58.300753
-0.205237
13
59.150574
55.677310
-0.914011
14
61.809884
49.872007
-0.093366
15
64.784250
47.622826
-0.099952
16
68.149229
42.480224
0.119889
17
70.358821
38.608652
0.322482
18
72.509806
33.433119
-0.660876
19
75.093101
28.964869
0.037836
20
76.299954
24.812514
-0.331184
21
77.307734
19.794975
0.541388
22
78.253685
15.620149
0.112975
23
79.279716
9.178509
-0.104013
24
79.808976
3.844151
0.070350
25
79.685441
-0.075622
0.123074
26
79.496074
-5.254548
0.128144
27
78.666890
-9.195358
0.887499
28
78.949987
-15.243891
0.156902
29
77.090349
-18.388330
0.344355
30
76.385711
-25.424190
0.117121
31
74.168550
-29.699865
-0.208658
32
71.993782
-34.791551
-0.076835
33
69.454654
-38.052735
-0.043121
34
67.813690
-42.649769
0.180939
35
64.154009
-47.841514
-0.163627
36
61.683008
-50.088184
-0.106144
37
58.800081
-54.382272
0.429798
38
54.812331
-58.844541
-0.542281
39
51.053400
-60.984227
-0.107105
40
46.815949
-64.969024
-0.401419
41
42.677549
-67.691265
0.016781
42
38.515894
-69.613979
0.040017
43
34.756273
-72.135786
0.660554
44
29.173343
-73.959600
-0.095268
45
24.950937
-75.607932
-0.800216
46
19.387546
-78.642969
0.147099
47
15.552913
-78.845227
0.297359
48
10.235349
-80.213040
0.145497
49
4.735613
-78.625436
-0.011921
50
0.625832
-80.341081
0.215768
51
-5.047262
-81.464624
-0.359519
52
-9.792350
-79.413219
-0.409523
53
-15.230119
-78.382759
-0.363505
54
-19.522235
-78.000779
0.662153
55
-25.134450
-75.924685
-0.556787
56
-29.726781
-74.858162
0.146913
57
-33.701941
-72.145044
-0.136566
58
-38.228339
-69.463481
0.044002
59
-42.647620
-67.214993
-0.361288
60
-46.732256
-65.248719
-0.221071
61
-50.926230
-61.887810
-0.048254
62
-54.536021
-57.477477
-0.072465
63
-58.192141
-54.954989
0.084046
64
-61.472743
-51.488913
0.100607
65
-64.491415
-46.948749
0.633226
66
-67.779030
-43.457585
-0.640561
67
-69.756240
-37.844518
-0.029246
68
-72.042463
-33.914934
0.106447
69
-74.338913
-29.096932
0.037215
70
-75.018259
-25.657530
-0.678785
71
-77.923007
-20.772526
-0.158727
72
-78.647426
-15.165864
0.198161
73
-79.220267
-9.423848
0.650949
74
-79.374270
-6.052968
-0.852538
75
-79.654977
-1.472977
0.024437
76
-79.828566
6.810394
-0.025337
77
-79.563247
10.215880
0.089979
78
-78.556185
14.502160
-0.447543
79
-77.365579
18.817629
-0.377842
80
-75.575281
24.385218
-0.051366
81
-74.037903
29.209145
0.376810
82
-72.518165
34.875049
0.230374
83
-70.186021
37.845630
-0.381841
84
-67.649546
42.514565
-0.149599
85
-64.345116
46.783938
0.418655
86
-61.844424
51.774338
-0.191175
87
-58.249942
55.542720
-0.151539
88
-54.931424
59.925077
0.348121
89
-51.159177
62.161791
-0.131810
90
-46.752792
65.857483
-0.587349
91
-42.472568
68.716155
0.017377
92
-37.872284
70.229222
-0.452860
93
-34.901438
72.118627
0.261200
94
-29.328544
74.714013
-0.211248
95
-24.666273
74.769602
-0.278239
96
-20.208411
77.903700
-0.005183
97
-15.432539
78.575337
-0.252512
98
-10.281697
80.062598
0.041518
99
-4.870853
80.551465
0.065985
100
0.210723
80.548033
0.428513
