1
5.023242
79.842138
0.000000
2
10.026659
79.369176
0.000000
3
14.990505
78.582980
0.000000
4
19.895191
77.486653
0.000000
5
24.721360
76.084521
0.000000
6
29.449964
74.382119
0.000000
7
34.062343
72.386164
0.000000
8
38.540294
70.104534
0.000000
9
42.866144
67.546234
0.000000
10
47.022820
64.721360
0.000000
11
50.993919
61.641059
0.000000
12
54.763768
58.317490
0.000000
13
58.317490
54.763768
0.000000
14
61.641059
50.993919
0.000000
15
64.721360
47.022820
0.000000
16
67.546234
42.866144
0.000000
17
70.104534
38.540294
0.000000
18
72.386164
34.062343
0.000000
19
74.382119
29.449964
0.000000
20
76.084521
24.721360
0.000000
21
77.486653
19.895191
0.000000
22
78.582980
14.990505
0.000000
23
79.369176
10.026659
0.000000
24
79.842138
5.023242
0.000000
25
80.000000
-0.000000
0.000000
26
79.842138
-5.023242
0.000000
27
79.369176
-10.026659
0.000000
28
78.582980
-14.990505
0.000000
29
77.486653
-19.895191
0.000000
30
76.084521
-24.721360
0.000000
31
74.382119
-29.449964
0.000000
32
72.386164
-34.062343
0.000000
33
70.104534
-38.540294
0.000000
34
67.546234
-42.866144
0.000000
35
64.721360
-47.022820
0.000000
36
61.641059
-50.993919
0.000000
37
58.317490
-54.763768
0.000000
38
54.763768
-58.317490
0.000000
39
50.993919
-61.641059
0.000000
40
47.022820
-64.721360
0.000000
41
42.866144
-67.546234
0.000000
42
38.540294
-70.104534
0.000000
43
34.062343
-72.386164
0.000000
44
29.449964
-74.382119
0.000000
45
24.721360
-76.084521
0.000000
46
19.895191
-77.486653
0.000000
47
14.990505
-78.582980
0.000000
48
10.026659
-79.369176
0.000000
49
5.023242
-79.842138
0.000000
50
-0.000000
-80.000000
0.000000
51
-5.023242
-79.842138
0.000000
52
-10.026659
-79.369176
0.000000
53
-14.990505
-78.582980
0.000000
54
-19.895191
-77.486653
0.000000
55
-24.721360
-76.084521
0.000000
56
-29.449964
-74.382119
0.000000
57
-34.062343
-72.386164
0.000000
58
-38.540294
-70.104534
0.000000
59
-42.866144
-67.546234
0.000000
60
-47.022820
-64.721360
0.000000
61
-50.993919
-61.641059
0.000000
62
-54.763768
-58.317490
0.000000
63
-58.317490
-54.763768
0.000000
64
-61.641059
-50.993919
0.000000
65
-64.721360
-47.022820
0.000000
66
-67.546234
-42.866144
0.000000
67
-70.104534
-38.540294
0.000000
68
-72.386164
-34.062343
0.000000
69
-74.382119
-29.449964
0.000000
70
-76.084521
-24.721360
0.000000
71
-77.486653
-19.895191
0.000000
72
-78.582980
-14.990505
0.000000
73
-79.369176
-10.026659
0.000000
74
-79.842138
-5.023242
0.000000
75
-80.000000
-0.000000
0.000000
76
-79.842138
5.023242
0.000000
77
-79.369176
10.026659
0.000000
78
-78.582980
14.990505
0.000000
79
-77.486653
19.895191
0.000000
80
-76.084521
24.721360
0.000000
81
-74.382119
29.449964
0.000000
82
-72.386164
34.062343
0.000000
83
-70.104534
38.540294
0.000000
84
-67.546234
42.866144
0.000000
85
-64.721360
47.022820
0.000000
86
-61.641059
50.993919
0.000000
87
-58.317490
54.763768
0.000000
88
-54.763768
58.317490
0.000000
89
-50.993919
61.641059
0.000000
90
-47.022820
64.721360
0.000000
91
-42.866144
67.546234
0.000000
92
-38.540294
70.104534
0.000000
93
-34.062343
72.386164
0.000000
94
-29.449964
74.382119
0.000000
95
-24.721360
76.084521
0.000000
96
-19.895191
77.486653
0.000000
97
-14.990505
78.582980
0.000000
98
-10.026659
79.369176
0.000000
99
-5.023242
79.842138
0.000000
100
0.000000
80.000000
0.000000
