1
5.030098
79.891191
-0.027562
2
10.030723
79.334198
-0.005291
3
15.036134
78.657056
-0.016471
4
19.904441
77.484966
0.008721
5
24.719777
76.124367
0.017193
6
29.458527
74.349821
0.008752
7
34.068577
72.413840
0.008869
8
38.544041
70.083476
0.010840
9
42.852514
67.524582
-0.035926
10
47.026967
64.701167
0.016720
11
50.992615
61.634601
0.003895
12
54.752740
58.316686
-0.002012
13
58.331431
54.793439
-0.010538
14
61.625578
50.964136
-0.000084
15
64.711545
47.032754
-0.002753
16
67.532347
42.867014
0.006742
17
70.124225
38.542592
-0.018200
18
72.372628
34.125213
-0.007512
19
74.379665
29.473733
-0.009333
20
76.066384
24.734418
-0.002164
21
77.504751
19.902990
0.002414
22
78.572722
15.009138
0.010190
23
79.371926
9.995475
-0.014007
24
79.851348
5.092398
-0.008137
25
79.998948
-0.051704
-0.005356
26
79.852854
-5.046994
0.001221
27
79.373046
-10.042716
0.005979
28
78.604809
-14.995698
-0.026092
29
77.503926
-19.923869
0.011726
30
76.102841
-24.773809
-0.002412
31
74.419200
-29.427891
0.016826
32
72.380189
-34.069631
0.013403
33
70.113480
-38.595175
-0.004318
34
67.526125
-42.852556
0.003441
35
64.704353
-46.992662
0.004273
36
61.641351
-51.000927
-0.021356
37
58.306889
-54.789960
-0.014110
38
54.738232
-58.291699
0.006346
39
50.993476
-61.662409
0.012430
40
47.013709
-64.685213
-0.002743
41
42.862398
-67.568914
-0.013668
42
38.561404
-70.096309
-0.015339
43
34.060092
-72.364996
-0.016253
44
29.431486
-74.373198
0.004775
45
24.719698
-76.079608
-0.005810
46
19.877828
-77.474482
-0.010356
47
14.997554
-78.555187
-0.013637
48
10.035076
-79.370991
-0.002382
49
5.019377
-79.841522
0.000626
50
0.019471
-79.987511
-0.002559
51
-5.020905
-79.869682
0.011582
52
-10.024935
-79.355394
0.003190
53
-14.992575
-78.586887
-0.006492
54
-19.906358
-77.499594
-0.008688
55
-24.723811
-76.091852
0.018670
56
-29.463534
-74.339230
0.015066
57
-34.081549
-72.398057
-0.001903
58
-38.543624
-70.092674
0.004782
59
-42.878231
-67.566057
-0.006196
60
-47.022661
-64.802383
-0.005576
61
-51.007521
-61.616084
0.004275
62
-54.761442
-58.359352
-0.001032
63
-58.316236
-54.762662
-0.008958
64
-61.638097
-50.982514
-0.004549
65
-64.695555
-47.083226
0.027204
66
-67.533482
-42.910656
-0.007200
67
-70.099144
-38.584968
0.005755
68
-72.385320
-34.044894
0.003991
69
-74.369290
-29.467375
0.003137
70
-76.101376
-24.696623
0.000001
71
-77.475035
-19.879287
0.004273
72
-78.571124
-14.984092
-0.008424
73
-79.353975
-10.069772
-0.000298
74
-79.829126
-5.000193
0.000014
75
-80.031703
0.015545
-0.026752
76
-79.841119
4.997872
0.005021
77
-79.358239
10.008172
0.005483
78
-78.572447
15.004846
0.010956
79
-77.488530
19.922147
-0.025913
80
-76.100723
24.711126
0.007915
81
-74.395061
29.437364
0.001672
82
-72.382316
34.073041
-0.011347
83
-70.131721
38.570930
-0.007676
84
-67.549472
42.827930
-0.000255
85
-64.693590
47.053272
-0.030467
86
-61.658887
50.987097
0.002006
87
-58.320972
54.805931
-0.005868
88
-54.755292
58.319769
0.010749
89
-51.003918
61.592770
0.022679
90
-47.021502
64.736423
0.001386
91
-42.872108
67.542894
0.018046
92
-38.530288
70.112789
-0.002854
93
-34.065966
72.383845
-0.017930
94
-29.460449
74.379598
0.004102
95
-24.725035
76.093885
-0.022401
96
-19.864276
77.512315
-0.003853
97
-15.003715
78.633209
0.011478
98
-10.037827
79.377734
-0.006812
99
-5.030510
79.814702
-0.011089
100
-0.021663
80.016252
-0.001437
