1
5.713263
75.720646
-0.239954
2
10.515063
80.471276
0.478971
3
14.226357
77.005965
1.008209
4
19.630853
78.209852
-0.771058
5
24.630418
73.574781
0.190604
6
28.927325
72.479494
0.072580
7
33.554418
70.932298
-1.077142
8
37.604005
71.550604
1.152671
9
43.220373
69.256796
-0.095652
10
45.412890
67.691488
-1.168879
11
52.759331
61.473280
0.530269
12
53.462395
50.097953
0.739766
13
58.065853
55.848670
-1.676546
14
63.104048
52.593070
-1.513460
15
63.992948
47.595212
1.113143
16
66.115144
43.685045
-1.384771
17
69.270939
35.251949
-0.320066
18
72.021878
32.825472
-0.484042
19
75.954729
31.082390
0.069777
20
74.011416
19.466099
3.077278
21
77.814336
17.289322
-1.354095
22
80.578661
10.461200
-0.530832
23
76.829127
12.276797
-0.489798
24
79.343693
6.117710
-1.349445
25
78.509730
1.050049
1.537743
26
80.398572
-6.372295
0.120610
27
79.522552
-12.799976
-1.012417
28
78.338579
-17.306362
0.213402
29
77.166380
-20.442369
-2.600455
30
74.307922
-25.754448
0.620827
31
76.675428
-29.762603
-0.378218
32
73.011179
-32.015472
0.919309
33
70.793567
-38.785140
-0.898016
34
69.180255
-45.032005
-1.460940
35
67.285349
-46.954468
0.364166
36
63.775897
-50.659605
0.626160
37
59.406503
-53.722893
-1.365478
38
54.189198
-58.025277
-0.295955
39
49.676823
-62.505791
0.905428
40
45.543010
-58.362330
1.802615
41
42.482067
-69.414974
0.983675
42
37.951334
-67.741062
0.514941
43
34.705941
-73.458472
-0.606961
44
28.594112
-71.208079
0.933983
45
24.725473
-75.106579
4.165740
46
17.910336
-72.364195
0.720355
47
18.327940
-77.109314
0.347516
48
8.668738
-84.099277
-0.499556
49
5.849212
-80.691721
2.089547
50
0.209134
-80.756328
1.360947
51
-4.164190
-81.631862
-0.472864
52
-9.292659
-81.450397
-1.256287
53
-15.530431
-77.615818
-0.415654
54
-23.165190
-76.240573
2.189441
55
-23.559851
-76.725747
0.213796
56
-29.327051
-76.603431
-0.416083
57
-34.675237
-70.147818
2.998319
58
-38.376644
-73.962567
1.538533
59
-44.986097
-62.347325
-1.281254
60
-45.621546
-64.327663
2.711659
61
-50.817547
-66.742023
-0.431133
62
-55.738926
-61.333814
0.092357
63
-59.230287
-55.514083
1.377850
64
-61.021933
-48.249561
1.028509
65
-64.174466
-47.822926
-1.062932
66
-67.460222
-43.366648
0.344591
67
-69.603493
-38.019914
0.330484
68
-73.373707
-31.957883
1.664212
69
-71.923982
-29.921386
-0.287920
70
-77.094851
-27.270348
0.418036
71
-76.814061
-17.610396
1.585000
72
-78.796639
-14.046270
0.847226
73
-80.651787
-7.911762
-0.137695
74
-81.067082
-9.393287
0.899136
75
-77.918920
-4.098255
-1.579101
76
-79.895264
3.376901
1.552290
77
-81.590893
10.575801
1.409099
78
-80.196827
14.591078
-1.932984
79
-76.430354
20.477591
-2.255215
80
-76.469651
29.572275
1.080630
81
-72.712516
26.655536
-0.411376
82
-70.470435
36.015931
0.579681
83
-69.154693
36.325170
0.678628
84
-66.093474
41.727045
0.751414
85
-65.866904
47.440739
1.886689
86
-62.034595
52.215379
-0.324951
87
-58.489333
54.714745
0.544288
88
-54.187571
62.726537
-2.395917
89
-50.692998
59.407164
-1.507168
90
-46.241548
65.495388
0.466951
91
-43.500759
67.260911
-0.812469
92
-35.524332
68.814678
0.764771
93
-32.354241
69.793937
0.246537
94
-28.797079
74.412489
-0.051960
95
-25.524748
75.959130
3.169211
96
-19.190047
74.607374
1.217400
97
-14.158963
77.837091
0.289622
98
-12.927702
75.000499
0.490755
99
-5.401123
75.838225
-1.068798
100
-0.925485
77.682352
-0.498289
