1
5.057625
79.974349
-0.175187
2
9.969661
79.398507
0.133327
3
15.151369
78.710145
0.138688
4
19.811439
77.090413
0.018366
5
24.684051
75.939873
-0.036457
6
29.387099
74.333775
0.005415
7
34.140296
72.415404
0.214273
8
38.770390
69.911116
0.062196
9
42.942669
67.705097
-0.258215
10
46.839073
64.828844
0.173661
11
51.097501
61.786979
-0.124220
12
54.667892
58.723057
-0.003847
13
58.263290
54.921428
-0.007417
14
61.515825
51.157752
-0.006483
15
64.641488
47.089560
-0.117296
16
67.464535
43.349973
-0.127555
17
69.910584
38.346739
-0.070075
18
72.506298
34.142716
-0.044067
19
74.483987
29.482116
0.067476
20
75.958671
24.924527
-0.077629
21
77.509216
19.812941
-0.015571
22
78.716465
14.937556
0.038706
23
79.398453
10.144348
-0.072865
24
79.918786
5.047932
0.204330
25
79.906016
-0.468052
0.107547
26
79.831951
-4.782920
0.021699
27
79.383578
-9.908982
0.012008
28
78.434215
-15.486488
-0.134738
29
77.431362
-19.940253
-0.025813
30
76.134158
-24.520423
0.210049
31
74.218487
-30.072906
0.106537
32
72.394677
-34.052853
0.263075
33
70.039844
-38.477220
0.029035
34
67.468632
-43.193159
0.037385
35
64.589743
-46.666751
-0.049481
36
61.755798
-51.074192
0.121590
37
58.446635
-54.595436
-0.025162
38
54.630759
-58.389727
-0.051754
39
51.119334
-61.720687
0.135092
40
47.146835
-64.861050
0.020858
41
42.813357
-67.663461
0.236642
42
38.485208
-69.930958
-0.042533
43
34.242882
-72.815335
0.121529
44
29.456017
-73.915035
0.018354
45
24.441661
-76.173700
0.084284
46
19.947932
-77.641010
0.017010
47
14.893584
-78.801988
0.061391
48
9.879314
-79.371724
-0.081481
49
5.133432
-79.811801
0.047055
50
0.022985
-79.852659
0.080672
51
-4.962563
-79.464399
0.002671
52
-9.809717
-79.505512
-0.000337
53
-14.971403
-78.207193
0.122151
54
-19.994357
-77.335075
-0.163316
55
-24.618273
-76.027538
0.103908
56
-29.332151
-74.310725
0.075794
57
-34.229987
-72.497545
0.144661
58
-38.466028
-70.373750
0.007621
59
-43.039754
-67.453261
-0.021479
60
-47.027606
-65.228577
-0.251358
61
-51.120225
-61.954819
-0.203809
62
-54.967047
-58.288009
0.092969
63
-58.305618
-54.864917
-0.175135
64
-61.518542
-50.528979
-0.050816
65
-64.700148
-46.922178
-0.026808
66
-67.288106
-43.497262
-0.060238
67
-70.185649
-38.455276
0.016306
68
-72.287086
-33.895867
0.076469
69
-74.248412
-29.273240
0.296338
70
-75.936999
-24.707189
-0.152185
71
-77.583281
-20.046040
0.065573
72
-78.697118
-15.099991
-0.019004
73
-79.490649
-9.941784
0.009216
74
-79.869320
-5.059212
-0.138361
75
-79.960406
-0.066733
0.059503
76
-79.598779
5.055935
0.123676
77
-79.389897
10.211232
0.065646
78
-78.778418
14.696851
-0.167232
79
-77.539093
19.796757
-0.160758
80
-76.028491
24.697388
0.120623
81
-74.329239
29.543164
0.041254
82
-72.344488
33.924624
-0.105889
83
-69.972200
38.314023
-0.020425
84
-67.584121
42.001648
-0.128392
85
-64.850715
46.965776
-0.038430
86
-61.713968
50.927041
-0.185369
87
-58.488099
54.771873
0.100767
88
-54.853106
57.881357
0.172458
89
-50.978554
61.376284
0.141482
90
-47.082727
64.958445
-0.163623
91
-42.812501
67.653422
0.011238
92
-38.402295
70.364107
-0.067160
93
-34.040252
72.250943
-0.140954
94
-29.495056
74.394539
-0.093664
95
-24.699480
76.067901
0.141630
96
-19.760881
77.286346
-0.110600
97
-14.927006
79.328995
0.085941
98
-9.919977
79.067374
-0.168260
99
-5.122434
79.926657
0.166141
100
0.118543
79.570485
0.078141
