1
5.030098
79.891190
-0.026682
2
10.030723
79.334198
-0.005122
3
15.036134
78.657056
-0.015945
4
19.904441
77.484966
0.008443
5
24.719777
76.124367
0.016644
6
29.458527
74.349821
0.008472
7
34.068577
72.413840
0.008586
8
38.544041
70.083476
0.010494
9
42.852514
67.524582
-0.034778
10
47.026967
64.701167
0.016186
11
50.992615
61.634601
0.003770
12
54.752740
58.316686
-0.001948
13
58.331431
54.793439
-0.010202
14
61.625578
50.964136
-0.000081
15
64.711545
47.032754
-0.002665
16
67.532347
42.867014
0.006526
17
70.124225
38.542592
-0.017619
18
72.372628
34.125213
-0.007272
19
74.379665
29.473732
-0.009034
20
76.066384
24.734418
-0.002095
21
77.504751
19.902990
0.002337
22
78.572722
15.009138
0.009864
23
79.371926
9.995475
-0.013560
24
79.851348
5.092398
-0.007877
25
79.998948
-0.051704
-0.005185
26
79.852854
-5.046994
0.001182
27
79.373046
-10.042716
0.005788
28
78.604809
-14.995698
-0.025258
29
77.503926
-19.923869
0.011351
30
76.102841
-24.773809
-0.002335
31
74.419200
-29.427892
0.016289
32
72.380189
-34.069631
0.012975
33
70.113480
-38.595175
-0.004180
34
67.526125
-42.852556
0.003331
35
64.704353
-46.992662
0.004136
36
61.641351
-51.000927
-0.020674
37
58.306889
-54.789960
-0.013660
38
54.738232
-58.291699
0.006143
39
50.993476
-61.662408
0.012033
40
47.013709
-64.685213
-0.002655
41
42.862398
-67.568914
-0.013231
42
38.561404
-70.096309
-0.014849
43
34.060092
-72.364996
-0.015734
44
29.431486
-74.373198
0.004623
45
24.719698
-76.079608
-0.005624
46
19.877828
-77.474482
-0.010025
47
14.997554
-78.555187
-0.013202
48
10.035076
-79.370991
-0.002306
49
5.019377
-79.841522
0.000606
50
0.019471
-79.987511
-0.002477
51
-5.020905
-79.869682
0.011212
52
-10.024935
-79.355394
0.003088
53
-14.992575
-78.586887
-0.006284
54
-19.906358
-77.499594
-0.008410
55
-24.723811
-76.091852
0.018073
56
-29.463534
-74.339230
0.014584
57
-34.081549
-72.398057
-0.001842
58
-38.543624
-70.092674
0.004629
59
-42.878231
-67.566057
-0.005998
60
-47.022661
-64.802383
-0.005398
61
-51.007521
-61.616084
0.004138
62
-54.761442
-58.359352
-0.000999
63
-58.316236
-54.762662
-0.008672
64
-61.638097
-50.982514
-0.004404
65
-64.695555
-47.083226
0.026334
66
-67.533482
-42.910656
-0.006970
67
-70.099144
-38.584968
0.005571
68
-72.385320
-34.044894
0.003863
69
-74.369290
-29.467374
0.003036
70
-76.101376
-24.696623
0.000001
71
-77.475035
-19.879287
0.004137
72
-78.571124
-14.984092
-0.008155
73
-79.353975
-10.069771
-0.000289
74
-79.829126
-5.000193
0.000014
75
-80.031703
0.015545
-0.025897
76
-79.841119
4.997872
0.004861
77
-79.358239
10.008172
0.005308
78
-78.572447
15.004846
0.010606
79
-77.488530
19.922147
-0.025085
80
-76.100723
24.711126
0.007662
81
-74.395061
29.437364
0.001619
82
-72.382316
34.073041
-0.010985
83
-70.131721
38.570930
-0.007431
84
-67.549472
42.827931
-0.000246
85
-64.693590
47.053272
-0.029493
86
-61.658887
50.987097
0.001942
87
-58.320972
54.805931
-0.005681
88
-54.755292
58.319769
0.010406
89
-51.003918
61.592770
0.021954
90
-47.021502
64.736423
0.001342
91
-42.872108
67.542894
0.017470
92
-38.530288
70.112789
-0.002762
93
-34.065966
72.383845
-0.017357
94
-29.460449
74.379598
0.003971
95
-24.725035
76.093885
-0.021685
96
-19.864276
77.512315
-0.003730
97
-15.003715
78.633209
0.011112
98
-10.037827
79.377734
-0.006595
99
-5.030510
79.814702
-0.010734
100
-0.021663
80.016252
-0.001391
