1
13.578602
66.622961
10.736842
2
0.770890
71.095018
5.519200
3
16.012056
82.426629
3.737966
4
16.186422
53.010510
-2.652421
5
29.295504
106.681598
0.984700
6
40.220958
91.531149
-3.441042
7
39.031841
77.531180
4.112771
8
38.292768
71.282619
-4.663740
9
42.906512
76.727126
-5.049272
10
46.442846
61.340827
7.056677
11
54.440042
42.316656
-5.715238
12
52.545825
75.570933
7.920908
13
63.897035
73.426306
1.895752
14
68.414746
53.857331
5.178435
15
62.076159
51.816794
0.213933
16
78.837608
45.825416
16.125719
17
73.702277
59.706025
16.118942
18
67.347765
44.806630
-7.795398
19
76.115443
49.371029
8.487815
20
81.975170
20.424603
3.904630
21
78.486095
15.875861
-2.953225
22
87.109045
43.419030
0.319197
23
75.335269
31.585191
-0.445603
24
93.768060
15.854470
4.230749
25
82.766940
6.956322
-6.450840
26
77.260505
2.036268
-5.947163
27
90.748886
-14.089026
-0.051363
28
86.254476
-8.009118
2.344970
29
76.010711
-11.691869
9.938983
30
68.395319
-18.929675
-0.544069
31
72.984652
-41.215832
-1.894683
32
70.059296
-32.493984
1.029657
33
69.131539
-38.089753
2.706633
34
71.499702
-46.700077
3.531905
35
53.368029
-78.414446
-10.120562
36
57.690551
-60.625236
0.240123
37
54.297556
-46.610734
4.620502
38
56.691808
-57.537529
-3.390858
39
50.671750
-85.122531
-1.519964
40
43.383835
-58.111557
5.855487
41
47.819003
-97.769000
-3.333231
42
41.056601
-70.039612
2.580459
43
35.042729
-82.531930
-1.064050
44
35.167285
-68.867978
3.233673
45
22.411676
-75.266827
1.279872
46
21.035603
-65.081281
-0.650715
47
18.563989
-84.204606
-0.909208
48
11.563955
-69.276113
-1.724032
49
16.214321
-67.384523
4.874045
50
-3.405891
-76.756150
-0.594431
51
-14.678651
-66.118035
-4.477531
52
-24.193234
-73.367479
0.003698
53
-12.412678
-89.199849
5.077914
54
-30.347327
-109.914895
-1.676311
55
-23.566290
-75.358987
4.061901
56
-20.362353
-86.336350
0.223040
57
-33.108826
-98.391858
9.000184
58
-25.725730
-51.158193
0.067805
59
-53.952789
-67.319267
1.294362
60
-53.085938
-54.091858
0.421867
61
-46.058146
-58.088233
-1.388543
62
-50.879480
-59.792277
1.638675
63
-57.210724
-48.697508
-3.564402
64
-59.341694
-25.782986
-1.812102
65
-66.242239
-53.495962
-1.933310
66
-68.375098
-50.814935
-2.620905
67
-75.584528
-57.437560
-3.047433
68
-76.894749
-38.096626
-7.089850
69
-72.212040
-42.332071
6.578871
70
-78.582461
-44.577330
-2.035382
71
-81.151591
-29.801292
-6.998668
72
-74.980365
11.759099
13.131062
73
-79.662474
-16.255489
0.448549
74
-92.079956
-5.510627
-7.235641
75
-64.862658
-3.120731
2.385336
76
-90.583546
10.548628
2.963327
77
-78.363113
2.966035
4.270425
78
-83.660434
24.691061
9.960799
79
-80.706849
25.352710
6.333378
80
-74.362172
16.236902
3.719407
81
-65.603194
10.616742
0.834120
82
-75.541697
25.706028
-5.514081
83
-71.383008
40.369050
-5.217094
84
-71.396320
37.934827
-4.950268
85
-41.961186
92.594647
6.773743
86
-69.789997
43.175659
-3.658235
87
-55.238141
56.214498
-2.009735
88
-54.729839
73.552305
2.524013
89
-46.802068
69.454673
-9.546826
90
-49.738591
37.518584
-7.846485
91
-37.603500
64.479706
1.548864
92
-52.294469
71.360563
-5.617716
93
-23.000005
67.415157
7.045103
94
-38.471772
73.936016
1.542172
95
-20.406414
85.103788
4.006651
96
-17.477271
47.356730
-6.900326
97
-19.203133
82.963706
8.907059
98
-16.142707
72.779622
2.604898
99
-11.257382
58.805787
-2.186780
100
-3.412322
76.496423
-6.469564
