1
-1.570796
1.138162
3.141593
2
-1.570796
1.207072
3.141593
3
-1.570796
-0.936546
3.141593
4
-1.570796
-0.982064
3.141593
5
-1.570796
0.279274
3.141593
6
-1.570796
0.774568
3.141593
7
-1.570796
-0.522684
3.141593
8
-1.570796
0.941097
3.141593
9
-1.570796
0.080768
3.141593
10
-1.570796
-0.161917
3.141593
11
-1.570796
0.762925
3.141593
12
-1.570796
0.485881
3.141593
13
-1.570796
0.192826
3.141593
14
-1.570796
0.738837
3.141593
15
-1.570796
0.033285
3.141593
16
-1.570796
0.991055
3.141593
17
-1.570796
1.271616
3.141593
18
1.570796
0.736718
0.000000
19
1.570796
0.973057
0.000000
20
-1.570796
0.052038
3.141593
21
1.570796
1.510539
0.000000
22
-1.570796
1.206708
3.141593
23
1.570796
1.080367
0.000000
24
1.570796
1.260740
0.000000
25
1.570796
1.169976
0.000000
26
-1.570796
0.784709
3.141593
27
-1.570796
1.307708
3.141593
28
-1.570796
1.330949
3.141593
29
1.570796
0.282125
0.000000
30
1.570796
1.362417
0.000000
31
1.570796
0.895898
0.000000
32
1.570796
0.932902
0.000000
33
-1.570796
0.619269
3.141593
34
-1.570796
1.443027
3.141593
35
-1.570796
0.332991
3.141593
36
1.570796
0.615813
0.000000
37
1.570796
0.805593
0.000000
38
1.570796
0.462813
0.000000
39
1.570796
0.771010
0.000000
40
1.570796
0.081978
0.000000
41
1.570796
0.693832
0.000000
42
1.570796
0.868554
0.000000
43
1.570796
0.976228
0.000000
44
1.570796
-0.140061
0.000000
45
1.570796
0.506672
0.000000
46
-1.570796
1.365672
3.141593
47
1.570796
0.318489
0.000000
48
1.570796
-0.767425
0.000000
49
1.570796
-0.052998
0.000000
50
1.570796
-0.168623
0.000000
51
1.570796
0.909725
0.000000
52
1.570796
-0.194548
0.000000
53
1.570796
-1.231851
0.000000
54
1.570796
-0.323508
0.000000
55
1.570796
0.272712
0.000000
56
1.570796
-0.580148
0.000000
57
1.570796
0.139383
0.000000
58
1.570796
-0.027547
0.000000
59
1.570796
-0.882665
0.000000
60
1.570796
-0.797862
0.000000
61
1.570796
-0.114307
0.000000
62
1.570796
-0.607362
0.000000
63
1.570796
-0.692820
0.000000
64
-1.570796
-1.465543
3.141593
65
1.570796
-0.847260
0.000000
66
1.570796
-0.490891
0.000000
67
1.570796
-1.315635
0.000000
68
-1.570796
-1.525885
3.141593
69
-1.570796
-1.474372
3.141593
70
-1.570796
-1.074346
3.141593
71
1.570796
-0.579431
0.000000
72
-1.570796
-1.234683
3.141593
73
-1.570796
-0.376965
3.141593
74
-1.570796
-0.312163
3.141593
75
-1.570796
-0.893428
3.141593
76
-1.570796
-0.992490
3.141593
77
-1.570796
-1.437426
3.141593
78
1.570796
-1.265453
0.000000
79
-1.570796
-1.539377
3.141593
80
-1.570796
-0.550919
3.141593
81
-1.570796
-1.144199
3.141593
82
-1.570796
-0.987965
3.141593
83
-1.570796
-0.868913
3.141593
84
1.570796
-0.084070
0.000000
85
-1.570796
-1.329787
3.141593
86
-1.570796
-0.933234
3.141593
87
-1.570796
0.253548
3.141593
88
-1.570796
-0.851900
3.141593
89
-1.570796
-0.898278
3.141593
90
-1.570796
-1.188587
3.141593
91
-1.570796
-0.028223
3.141593
92
-1.570796
-0.503597
3.141593
93
-1.570796
-0.160497
3.141593
94
-1.570796
-0.148921
3.141593
95
-1.570796
0.339351
3.141593
96
-1.570796
0.055443
3.141593
97
-1.570796
0.301291
3.141593
98
-1.570796
0.238828
3.141593
99
-1.570796
-0.477040
3.141593
100
-1.570796
-1.117431
3.141593
