1
-0.998352
0.057383
0.000000
0.000000
0.000000
1.000000
0.057383
0.998352
0.000000
2
-0.992382
0.123197
0.000000
0.000000
0.000000
1.000000
0.123197
0.992382
0.000000
3
-0.985682
0.168617
0.000000
0.000000
0.000000
1.000000
0.168617
0.985682
0.000000
4
-0.968262
0.249937
0.000000
0.000000
0.000000
1.000000
0.249937
0.968262
0.000000
5
-0.953770
0.300536
0.000000
0.000000
0.000000
1.000000
0.300536
0.953770
0.000000
6
-0.933498
0.358582
0.000000
0.000000
0.000000
1.000000
0.358582
0.933498
0.000000
7
-0.904014
0.427504
0.000000
0.000000
0.000000
1.000000
0.427504
0.904014
0.000000
8
-0.872812
0.488057
0.000000
0.000000
0.000000
1.000000
0.488057
0.872812
0.000000
9
-0.849136
0.528174
0.000000
0.000000
0.000000
1.000000
0.528174
0.849136
0.000000
10
-0.802649
0.596451
0.000000
0.000000
0.000000
1.000000
0.596451
0.802649
0.000000
11
-0.771765
0.635908
0.000000
0.000000
0.000000
1.000000
0.635908
0.771765
0.000000
12
-0.731663
0.681667
0.000000
0.000000
0.000000
1.000000
0.681667
0.731663
0.000000
13
-0.684901
0.728636
0.000000
0.000000
0.000000
1.000000
0.728636
0.684901
0.000000
14
-0.644814
0.764339
0.000000
0.000000
0.000000
1.000000
0.764339
0.644814
0.000000
15
-0.593450
0.804871
0.000000
0.000000
0.000000
1.000000
0.804871
0.593450
0.000000
16
-0.541653
0.840602
0.000000
0.000000
0.000000
1.000000
0.840602
0.541653
0.000000
17
-0.477661
0.878544
0.000000
0.000000
0.000000
1.000000
0.878544
0.477661
0.000000
18
-0.430028
0.902816
0.000000
0.000000
0.000000
1.000000
0.902816
0.430028
0.000000
19
-0.359918
0.932984
0.000000
0.000000
0.000000
1.000000
0.932984
0.359918
0.000000
20
-0.307845
0.951436
0.000000
0.000000
0.000000
1.000000
0.951436
0.307845
0.000000
21
-0.258340
0.966054
0.000000
0.000000
0.000000
1.000000
0.966054
0.258340
0.000000
22
-0.185877
0.982573
0.000000
0.000000
0.000000
1.000000
0.982573
0.185877
0.000000
23
-0.125987
0.992032
0.000000
0.000000
0.000000
1.000000
0.992032
0.125987
0.000000
24
-0.063965
0.997952
0.000000
0.000000
0.000000
1.000000
0.997952
0.063965
0.000000
25
0.011276
0.999936
0.000000
0.000000
0.000000
1.000000
0.999936
-0.011276
0.000000
26
0.066205
0.997806
0.000000
0.000000
0.000000
1.000000
0.997806
-0.066205
0.000000
27
0.120723
0.992686
0.000000
0.000000
0.000000
1.000000
0.992686
-0.120723
0.000000
28
0.192561
0.981285
0.000000
0.000000
0.000000
1.000000
0.981285
-0.192561
0.000000
29
0.247935
0.968777
0.000000
0.000000
0.000000
1.000000
0.968777
-0.247935
0.000000
30
0.316226
0.948684
0.000000
0.000000
0.000000
1.000000
0.948684
-0.316226
0.000000
31
0.374298
0.927308
0.000000
0.000000
0.000000
1.000000
0.927308
-0.374298
0.000000
32
0.427358
0.904082
0.000000
0.000000
0.000000
1.000000
0.904082
-0.427358
0.000000
33
0.486282
0.873802
0.000000
0.000000
0.000000
1.000000
0.873802
-0.486282
0.000000
34
0.535649
0.844441
0.000000
0.000000
0.000000
1.000000
0.844441
-0.535649
0.000000
35
0.589304
0.807911
0.000000
0.000000
0.000000
1.000000
0.807911
-0.589304
0.000000
36
0.638806
0.769368
0.000000
0.000000
0.000000
1.000000
0.769368
-0.638806
0.000000
37
0.686987
0.726670
0.000000
0.000000
0.000000
1.000000
0.726670
-0.686987
0.000000
38
0.729055
0.684455
0.000000
0.000000
0.000000
1.000000
0.684455
-0.729055
0.000000
39
0.771047
0.636779
0.000000
0.000000
0.000000
1.000000
0.636779
-0.771047
0.000000
40
0.811187
0.584787
0.000000
0.000000
0.000000
1.000000
0.584787
-0.811187
0.000000
41
0.835718
0.549159
0.000000
0.000000
0.000000
1.000000
0.549159
-0.835718
0.000000
42
0.878913
0.476981
0.000000
0.000000
0.000000
1.000000
0.476981
-0.878913
0.000000
43
0.910963
0.412488
0.000000
0.000000
0.000000
1.000000
0.412488
-0.910963
0.000000
44
0.928728
0.370762
0.000000
0.000000
0.000000
1.000000
0.370762
-0.928728
0.000000
45
0.949369
0.314164
0.000000
0.000000
0.000000
1.000000
0.314164
-0.949369
0.000000
46
0.969104
0.246651
0.000000
0.000000
0.000000
1.000000
0.246651
-0.969104
0.000000
47
0.980772
0.195156
0.000000
0.000000
0.000000
1.000000
0.195156
-0.980772
0.000000
48
0.992285
0.123977
0.000000
0.000000
0.000000
1.000000
0.123977
-0.992285
0.000000
49
0.997687
0.067970
0.000000
0.000000
0.000000
1.000000
0.067970
-0.997687
0.000000
50
0.999992
0.003928
0.000000
0.000000
0.000000
1.000000
0.003928
-0.999992
0.000000
51
0.998146
-0.060865
0.000000
0.000000
0.000000
1.000000
-0.060865
-0.998146
0.000000
52
0.991356
-0.131200
0.000000
0.000000
0.000000
1.000000
-0.131200
-0.991356
0.000000
53
0.984213
-0.176989
0.000000
0.000000
0.000000
1.000000
-0.176989
-0.984213
0.000000
54
0.966722
-0.255829
0.000000
0.000000
0.000000
1.000000
-0.255829
-0.966722
0.000000
55
0.950572
-0.310505
0.000000
0.000000
0.000000
1.000000
-0.310505
-0.950572
0.000000
56
0.929244
-0.369466
0.000000
0.000000
0.000000
1.000000
-0.369466
-0.929244
0.000000
57
0.905564
-0.424209
0.000000
0.000000
0.000000
1.000000
-0.424209
-0.905564
0.000000
58
0.872494
-0.488625
0.000000
0.000000
0.000000
1.000000
-0.488625
-0.872494
0.000000
59
0.843247
-0.537526
0.000000
0.000000
0.000000
1.000000
-0.537526
-0.843247
0.000000
60
0.813581
-0.581452
0.000000
0.000000
0.000000
1.000000
-0.581452
-0.813581
0.000000
61
0.770397
-0.637564
0.000000
0.000000
0.000000
1.000000
-0.637564
-0.770397
0.000000
62
0.735830
-0.677166
0.000000
0.000000
0.000000
1.000000
-0.677166
-0.735830
0.000000
63
0.684406
-0.729101
0.000000
0.000000
0.000000
1.000000
-0.729101
-0.684406
0.000000
64
0.636279
-0.771459
0.000000
0.000000
0.000000
1.000000
-0.771459
-0.636279
0.000000
65
0.589500
-0.807768
0.000000
0.000000
0.000000
1.000000
-0.807768
-0.589500
0.000000
66
0.534351
-0.845263
0.000000
0.000000
0.000000
1.000000
-0.845263
-0.534351
0.000000
67
0.475062
-0.879952
0.000000
0.000000
0.000000
1.000000
-0.879952
-0.475062
0.000000
68
0.431924
-0.901910
0.000000
0.000000
0.000000
1.000000
-0.901910
-0.431924
0.000000
69
0.362601
-0.931944
0.000000
0.000000
0.000000
1.000000
-0.931944
-0.362601
0.000000
70
0.308689
-0.951163
0.000000
0.000000
0.000000
1.000000
-0.951163
-0.308689
0.000000
71
0.256291
-0.966600
0.000000
0.000000
0.000000
1.000000
-0.966600
-0.256291
0.000000
72
0.183358
-0.983046
0.000000
0.000000
0.000000
1.000000
-0.983046
-0.183358
0.000000
73
0.113176
-0.993575
0.000000
0.000000
0.000000
1.000000
-0.993575
-0.113176
0.000000
74
0.062346
-0.998055
0.000000
0.000000
0.000000
1.000000
-0.998055
-0.062346
0.000000
75
-0.014572
-0.999894
0.000000
0.000000
0.000000
1.000000
-0.999894
0.014572
0.000000
76
-0.058545
-0.998285
0.000000
0.000000
0.000000
1.000000
-0.998285
0.058545
0.000000
77
-0.124706
-0.992194
0.000000
0.000000
0.000000
1.000000
-0.992194
0.124706
0.000000
78
-0.188196
-0.982132
0.000000
0.000000
0.000000
1.000000
-0.982132
0.188196
0.000000
79
-0.251759
-0.967790
0.000000
0.000000
0.000000
1.000000
-0.967790
0.251759
0.000000
80
-0.304079
-0.952647
0.000000
0.000000
0.000000
1.000000
-0.952647
0.304079
0.000000
81
-0.369829
-0.929100
0.000000
0.000000
0.000000
1.000000
-0.929100
0.369829
0.000000
82
-0.426784
-0.904353
0.000000
0.000000
0.000000
1.000000
-0.904353
0.426784
0.000000
83
-0.488368
-0.872638
0.000000
0.000000
0.000000
1.000000
-0.872638
0.488368
0.000000
84
-0.538798
-0.842435
0.000000
0.000000
0.000000
1.000000
-0.842435
0.538798
0.000000
85
-0.585540
-0.810644
0.000000
0.000000
0.000000
1.000000
-0.810644
0.585540
0.000000
86
-0.633797
-0.773499
0.000000
0.000000
0.000000
1.000000
-0.773499
0.633797
0.000000
87
-0.683046
-0.730376
0.000000
0.000000
0.000000
1.000000
-0.730376
0.683046
0.000000
88
-0.727577
-0.686026
0.000000
0.000000
0.000000
1.000000
-0.686026
0.727577
0.000000
89
-0.772929
-0.634493
0.000000
0.000000
0.000000
1.000000
-0.634493
0.772929
0.000000
90
-0.812345
-0.583177
0.000000
0.000000
0.000000
1.000000
-0.583177
0.812345
0.000000
91
-0.847214
-0.531252
0.000000
0.000000
0.000000
1.000000
-0.531252
0.847214
0.000000
92
-0.879487
-0.475923
0.000000
0.000000
0.000000
1.000000
-0.475923
0.879487
0.000000
93
-0.904312
-0.426872
0.000000
0.000000
0.000000
1.000000
-0.426872
0.904312
0.000000
94
-0.931854
-0.362834
0.000000
0.000000
0.000000
1.000000
-0.362834
0.931854
0.000000
95
-0.949025
-0.315201
0.000000
0.000000
0.000000
1.000000
-0.315201
0.949025
0.000000
96
-0.967910
-0.251297
0.000000
0.000000
0.000000
1.000000
-0.251297
0.967910
0.000000
97
-0.981348
-0.192238
0.000000
0.000000
0.000000
1.000000
-0.192238
0.981348
0.000000
98
-0.992358
-0.123392
0.000000
0.000000
0.000000
1.000000
-0.123392
0.992358
0.000000
99
-0.998109
-0.061474
0.000000
0.000000
0.000000
1.000000
-0.061474
0.998109
0.000000
100
-0.999990
-0.004393
0.000000
0.000000
0.000000
1.000000
-0.004393
0.999990
0.000000
