1
-0.998027
0.062791
0.000000
0.000000
0.000000
1.000000
0.062791
0.998027
0.000000
2
-0.992115
0.125333
0.000000
0.000000
0.000000
1.000000
0.125333
0.992115
0.000000
3
-0.982287
0.187381
0.000000
0.000000
0.000000
1.000000
0.187381
0.982287
0.000000
4
-0.968583
0.248690
0.000000
0.000000
0.000000
1.000000
0.248690
0.968583
0.000000
5
-0.951057
0.309017
0.000000
0.000000
0.000000
1.000000
0.309017
0.951057
0.000000
6
-0.929776
0.368125
0.000000
0.000000
0.000000
1.000000
0.368125
0.929776
0.000000
7
-0.904827
0.425779
0.000000
0.000000
0.000000
1.000000
0.425779
0.904827
0.000000
8
-0.876307
0.481754
0.000000
0.000000
0.000000
1.000000
0.481754
0.876307
0.000000
9
-0.844328
0.535827
0.000000
0.000000
0.000000
1.000000
0.535827
0.844328
0.000000
10
-0.809017
0.587785
0.000000
0.000000
0.000000
1.000000
0.587785
0.809017
0.000000
11
-0.770513
0.637424
0.000000
0.000000
0.000000
1.000000
0.637424
0.770513
0.000000
12
-0.728969
0.684547
0.000000
0.000000
0.000000
1.000000
0.684547
0.728969
0.000000
13
-0.684547
0.728969
0.000000
0.000000
0.000000
1.000000
0.728969
0.684547
0.000000
14
-0.637424
0.770513
0.000000
0.000000
0.000000
1.000000
0.770513
0.637424
0.000000
15
-0.587785
0.809017
0.000000
0.000000
0.000000
1.000000
0.809017
0.587785
0.000000
16
-0.535827
0.844328
0.000000
0.000000
0.000000
1.000000
0.844328
0.535827
0.000000
17
-0.481754
0.876307
0.000000
0.000000
0.000000
1.000000
0.876307
0.481754
0.000000
18
-0.425779
0.904827
0.000000
0.000000
0.000000
1.000000
0.904827
0.425779
0.000000
19
-0.368125
0.929776
0.000000
0.000000
0.000000
1.000000
0.929776
0.368125
0.000000
20
-0.309017
0.951057
0.000000
0.000000
0.000000
1.000000
0.951057
0.309017
0.000000
21
-0.248690
0.968583
0.000000
0.000000
0.000000
1.000000
0.968583
0.248690
0.000000
22
-0.187381
0.982287
0.000000
0.000000
0.000000
1.000000
0.982287
0.187381
0.000000
23
-0.125333
0.992115
0.000000
0.000000
0.000000
1.000000
0.992115
0.125333
0.000000
24
-0.062791
0.998027
0.000000
0.000000
0.000000
1.000000
0.998027
0.062791
0.000000
25
0.000000
1.000000
0.000000
0.000000
0.000000
1.000000
1.000000
-0.000000
0.000000
26
0.062791
0.998027
0.000000
0.000000
0.000000
1.000000
0.998027
-0.062791
0.000000
27
0.125333
0.992115
0.000000
0.000000
0.000000
1.000000
0.992115
-0.125333
0.000000
28
0.187381
0.982287
0.000000
0.000000
0.000000
1.000000
0.982287
-0.187381
0.000000
29
0.248690
0.968583
0.000000
0.000000
0.000000
1.000000
0.968583
-0.248690
0.000000
30
0.309017
0.951057
0.000000
0.000000
0.000000
1.000000
0.951057
-0.309017
0.000000
31
0.368125
0.929776
0.000000
0.000000
0.000000
1.000000
0.929776
-0.368125
0.000000
32
0.425779
0.904827
0.000000
0.000000
0.000000
1.000000
0.904827
-0.425779
0.000000
33
0.481754
0.876307
0.000000
0.000000
0.000000
1.000000
0.876307
-0.481754
0.000000
34
0.535827
0.844328
0.000000
0.000000
0.000000
1.000000
0.844328
-0.535827
0.000000
35
0.587785
0.809017
0.000000
0.000000
0.000000
1.000000
0.809017
-0.587785
0.000000
36
0.637424
0.770513
0.000000
0.000000
0.000000
1.000000
0.770513
-0.637424
0.000000
37
0.684547
0.728969
0.000000
0.000000
0.000000
1.000000
0.728969
-0.684547
0.000000
38
0.728969
0.684547
0.000000
0.000000
0.000000
1.000000
0.684547
-0.728969
0.000000
39
0.770513
0.637424
0.000000
0.000000
0.000000
1.000000
0.637424
-0.770513
0.000000
40
0.809017
0.587785
0.000000
0.000000
0.000000
1.000000
0.587785
-0.809017
0.000000
41
0.844328
0.535827
0.000000
0.000000
0.000000
1.000000
0.535827
-0.844328
0.000000
42
0.876307
0.481754
0.000000
0.000000
0.000000
1.000000
0.481754
-0.876307
0.000000
43
0.904827
0.425779
0.000000
0.000000
0.000000
1.000000
0.425779
-0.904827
0.000000
44
0.929776
0.368125
0.000000
0.000000
0.000000
1.000000
0.368125
-0.929776
0.000000
45
0.951057
0.309017
0.000000
0.000000
0.000000
1.000000
0.309017
-0.951057
0.000000
46
0.968583
0.248690
0.000000
0.000000
0.000000
1.000000
0.248690
-0.968583
0.000000
47
0.982287
0.187381
0.000000
0.000000
0.000000
1.000000
0.187381
-0.982287
0.000000
48
0.992115
0.125333
0.000000
0.000000
0.000000
1.000000
0.125333
-0.992115
0.000000
49
0.998027
0.062791
0.000000
0.000000
0.000000
1.000000
0.062791
-0.998027
0.000000
50
1.000000
-0.000000
0.000000
0.000000
0.000000
1.000000
-0.000000
-1.000000
0.000000
51
0.998027
-0.062791
0.000000
0.000000
0.000000
1.000000
-0.062791
-0.998027
0.000000
52
0.992115
-0.125333
0.000000
0.000000
0.000000
1.000000
-0.125333
-0.992115
0.000000
53
0.982287
-0.187381
0.000000
0.000000
0.000000
1.000000
-0.187381
-0.982287
0.000000
54
0.968583
-0.248690
0.000000
0.000000
0.000000
1.000000
-0.248690
-0.968583
0.000000
55
0.951057
-0.309017
0.000000
0.000000
0.000000
1.000000
-0.309017
-0.951057
0.000000
56
0.929776
-0.368125
0.000000
0.000000
0.000000
1.000000
-0.368125
-0.929776
0.000000
57
0.904827
-0.425779
0.000000
0.000000
0.000000
1.000000
-0.425779
-0.904827
0.000000
58
0.876307
-0.481754
0.000000
0.000000
0.000000
1.000000
-0.481754
-0.876307
0.000000
59
0.844328
-0.535827
0.000000
0.000000
0.000000
1.000000
-0.535827
-0.844328
0.000000
60
0.809017
-0.587785
0.000000
0.000000
0.000000
1.000000
-0.587785
-0.809017
0.000000
61
0.770513
-0.637424
0.000000
0.000000
0.000000
1.000000
-0.637424
-0.770513
0.000000
62
0.728969
-0.684547
0.000000
0.000000
0.000000
1.000000
-0.684547
-0.728969
0.000000
63
0.684547
-0.728969
0.000000
0.000000
0.000000
1.000000
-0.728969
-0.684547
0.000000
64
0.637424
-0.770513
0.000000
0.000000
0.000000
1.000000
-0.770513
-0.637424
0.000000
65
0.587785
-0.809017
0.000000
0.000000
0.000000
1.000000
-0.809017
-0.587785
0.000000
66
0.535827
-0.844328
0.000000
0.000000
0.000000
1.000000
-0.844328
-0.535827
0.000000
67
0.481754
-0.876307
0.000000
0.000000
0.000000
1.000000
-0.876307
-0.481754
0.000000
68
0.425779
-0.904827
0.000000
0.000000
0.000000
1.000000
-0.904827
-0.425779
0.000000
69
0.368125
-0.929776
0.000000
0.000000
0.000000
1.000000
-0.929776
-0.368125
0.000000
70
0.309017
-0.951057
0.000000
0.000000
0.000000
1.000000
-0.951057
-0.309017
0.000000
71
0.248690
-0.968583
0.000000
0.000000
0.000000
1.000000
-0.968583
-0.248690
0.000000
72
0.187381
-0.982287
0.000000
0.000000
0.000000
1.000000
-0.982287
-0.187381
0.000000
73
0.125333
-0.992115
0.000000
0.000000
0.000000
1.000000
-0.992115
-0.125333
0.000000
74
0.062791
-0.998027
0.000000
0.000000
0.000000
1.000000
-0.998027
-0.062791
0.000000
75
0.000000
-1.000000
0.000000
0.000000
0.000000
1.000000
-1.000000
0.000000
0.000000
76
-0.062791
-0.998027
0.000000
0.000000
0.000000
1.000000
-0.998027
0.062791
0.000000
77
-0.125333
-0.992115
0.000000
0.000000
0.000000
1.000000
-0.992115
0.125333
0.000000
78
-0.187381
-0.982287
0.000000
0.000000
0.000000
1.000000
-0.982287
0.187381
0.000000
79
-0.248690
-0.968583
0.000000
0.000000
0.000000
1.000000
-0.968583
0.248690
0.000000
80
-0.309017
-0.951057
0.000000
0.000000
0.000000
1.000000
-0.951057
0.309017
0.000000
81
-0.368125
-0.929776
0.000000
0.000000
0.000000
1.000000
-0.929776
0.368125
0.000000
82
-0.425779
-0.904827
0.000000
0.000000
0.000000
1.000000
-0.904827
0.425779
0.000000
83
-0.481754
-0.876307
0.000000
0.000000
0.000000
1.000000
-0.876307
0.481754
0.000000
84
-0.535827
-0.844328
0.000000
0.000000
0.000000
1.000000
-0.844328
0.535827
0.000000
85
-0.587785
-0.809017
0.000000
0.000000
0.000000
1.000000
-0.809017
0.587785
0.000000
86
-0.637424
-0.770513
0.000000
0.000000
0.000000
1.000000
-0.770513
0.637424
0.000000
87
-0.684547
-0.728969
0.000000
0.000000
0.000000
1.000000
-0.728969
0.684547
0.000000
88
-0.728969
-0.684547
0.000000
0.000000
0.000000
1.000000
-0.684547
0.728969
0.000000
89
-0.770513
-0.637424
0.000000
0.000000
0.000000
1.000000
-0.637424
0.770513
0.000000
90
-0.809017
-0.587785
0.000000
0.000000
0.000000
1.000000
-0.587785
0.809017
0.000000
91
-0.844328
-0.535827
0.000000
0.000000
0.000000
1.000000
-0.535827
0.844328
0.000000
92
-0.876307
-0.481754
0.000000
0.000000
0.000000
1.000000
-0.481754
0.876307
0.000000
93
-0.904827
-0.425779
0.000000
0.000000
0.000000
1.000000
-0.425779
0.904827
0.000000
94
-0.929776
-0.368125
0.000000
0.000000
0.000000
1.000000
-0.368125
0.929776
0.000000
95
-0.951057
-0.309017
0.000000
0.000000
0.000000
1.000000
-0.309017
0.951057
0.000000
96
-0.968583
-0.248690
0.000000
0.000000
0.000000
1.000000
-0.248690
0.968583
0.000000
97
-0.982287
-0.187381
0.000000
0.000000
0.000000
1.000000
-0.187381
0.982287
0.000000
98
-0.992115
-0.125333
0.000000
0.000000
0.000000
1.000000
-0.125333
0.992115
0.000000
99
-0.998027
-0.062791
0.000000
0.000000
0.000000
1.000000
-0.062791
0.998027
0.000000
100
-1.000000
0.000000
0.000000
0.000000
0.000000
1.000000
0.000000
1.000000
0.000000
