1
180.000000
3.600000
-90.000000
2
180.000000
7.200000
-90.000000
3
180.000000
10.800000
-90.000000
4
180.000000
14.400000
-90.000000
5
180.000000
18.000000
-90.000000
6
180.000000
21.600000
-90.000000
7
180.000000
25.200000
-90.000000
8
180.000000
28.800000
-90.000000
9
180.000000
32.400000
-90.000000
10
180.000000
36.000000
-90.000000
11
180.000000
39.600000
-90.000000
12
180.000000
43.200000
-90.000000
13
180.000000
46.800000
-90.000000
14
180.000000
50.400000
-90.000000
15
180.000000
54.000000
-90.000000
16
180.000000
57.600000
-90.000000
17
180.000000
61.200000
-90.000000
18
180.000000
64.800000
-90.000000
19
180.000000
68.400000
-90.000000
20
180.000000
72.000000
-90.000000
21
180.000000
75.600000
-90.000000
22
180.000000
79.200000
-90.000000
23
180.000000
82.800000
-90.000000
24
180.000000
86.400000
-90.000000
25
0.000000
90.000000
90.000000
26
0.000000
86.400000
90.000000
27
0.000000
82.800000
90.000000
28
0.000000
79.200000
90.000000
29
0.000000
75.600000
90.000000
30
0.000000
72.000000
90.000000
31
0.000000
68.400000
90.000000
32
0.000000
64.800000
90.000000
33
0.000000
61.200000
90.000000
34
0.000000
57.600000
90.000000
35
0.000000
54.000000
90.000000
36
0.000000
50.400000
90.000000
37
0.000000
46.800000
90.000000
38
0.000000
43.200000
90.000000
39
0.000000
39.600000
90.000000
40
0.000000
36.000000
90.000000
41
0.000000
32.400000
90.000000
42
0.000000
28.800000
90.000000
43
0.000000
25.200000
90.000000
44
0.000000
21.600000
90.000000
45
0.000000
18.000000
90.000000
46
0.000000
14.400000
90.000000
47
0.000000
10.800000
90.000000
48
0.000000
7.200000
90.000000
49
0.000000
3.600000
90.000000
50
0.000000
-0.000000
90.000000
51
0.000000
-3.600000
90.000000
52
0.000000
-7.200000
90.000000
53
0.000000
-10.800000
90.000000
54
0.000000
-14.400000
90.000000
55
0.000000
-18.000000
90.000000
56
0.000000
-21.600000
90.000000
57
0.000000
-25.200000
90.000000
58
0.000000
-28.800000
90.000000
59
0.000000
-32.400000
90.000000
60
0.000000
-36.000000
90.000000
61
0.000000
-39.600000
90.000000
62
0.000000
-43.200000
90.000000
63
0.000000
-46.800000
90.000000
64
0.000000
-50.400000
90.000000
65
0.000000
-54.000000
90.000000
66
0.000000
-57.600000
90.000000
67
0.000000
-61.200000
90.000000
68
0.000000
-64.800000
90.000000
69
0.000000
-68.400000
90.000000
70
0.000000
-72.000000
90.000000
71
0.000000
-75.600000
90.000000
72
0.000000
-79.200000
90.000000
73
0.000000
-82.800000
90.000000
74
0.000000
-86.400000
90.000000
75
0.000000
-90.000000
90.000000
76
180.000000
-86.400000
-90.000000
77
180.000000
-82.800000
-90.000000
78
180.000000
-79.200000
-90.000000
79
180.000000
-75.600000
-90.000000
80
180.000000
-72.000000
-90.000000
81
180.000000
-68.400000
-90.000000
82
180.000000
-64.800000
-90.000000
83
180.000000
-61.200000
-90.000000
84
180.000000
-57.600000
-90.000000
85
180.000000
-54.000000
-90.000000
86
180.000000
-50.400000
-90.000000
87
180.000000
-46.800000
-90.000000
88
180.000000
-43.200000
-90.000000
89
180.000000
-39.600000
-90.000000
90
180.000000
-36.000000
-90.000000
91
180.000000
-32.400000
-90.000000
92
180.000000
-28.800000
-90.000000
93
180.000000
-25.200000
-90.000000
94
180.000000
-21.600000
-90.000000
95
180.000000
-18.000000
-90.000000
96
180.000000
-14.400000
-90.000000
97
180.000000
-10.800000
-90.000000
98
180.000000
-7.200000
-90.000000
99
180.000000
-3.600000
-90.000000
100
180.000000
0.000000
-90.000000
