1
-0.996273
0.086251
0.000000
0.000000
0.000000
1.000000
0.086251
0.996273
0.000000
2
-0.998241
0.059283
0.000000
0.000000
0.000000
1.000000
0.059283
0.998241
0.000000
3
-0.961008
0.276519
0.000000
0.000000
0.000000
1.000000
0.276519
0.961008
0.000000
4
-0.981685
0.190511
0.000000
0.000000
0.000000
1.000000
0.190511
0.981685
0.000000
5
-0.900597
0.434655
0.000000
0.000000
0.000000
1.000000
0.434655
0.900597
0.000000
6
-0.934834
0.355084
0.000000
0.000000
0.000000
1.000000
0.355084
0.934834
0.000000
7
-0.901789
0.432177
0.000000
0.000000
0.000000
1.000000
0.432177
0.901789
0.000000
8
-0.915821
0.401586
0.000000
0.000000
0.000000
1.000000
0.401586
0.915821
0.000000
9
-0.806229
0.591603
0.000000
0.000000
0.000000
1.000000
0.591603
0.806229
0.000000
10
-0.830808
0.556559
0.000000
0.000000
0.000000
1.000000
0.556559
0.830808
0.000000
11
-0.778543
0.627591
0.000000
0.000000
0.000000
1.000000
0.627591
0.778543
0.000000
12
-0.703508
0.710687
0.000000
0.000000
0.000000
1.000000
0.710687
0.703508
0.000000
13
-0.755215
0.655477
0.000000
0.000000
0.000000
1.000000
0.655477
0.755215
0.000000
14
-0.646788
0.762670
0.000000
0.000000
0.000000
1.000000
0.762670
0.646788
0.000000
15
-0.569098
0.822270
0.000000
0.000000
0.000000
1.000000
0.822270
0.569098
0.000000
16
-0.520023
0.854152
0.000000
0.000000
0.000000
1.000000
0.854152
0.520023
0.000000
17
-0.498379
0.866959
0.000000
0.000000
0.000000
1.000000
0.866959
0.498379
0.000000
18
-0.410148
0.912019
0.000000
0.000000
0.000000
1.000000
0.912019
0.410148
0.000000
19
-0.366514
0.930413
0.000000
0.000000
0.000000
1.000000
0.930413
0.366514
0.000000
20
-0.420958
0.907080
0.000000
0.000000
0.000000
1.000000
0.907080
0.420958
0.000000
21
-0.292026
0.956410
0.000000
0.000000
0.000000
1.000000
0.956410
0.292026
0.000000
22
-0.197434
0.980316
0.000000
0.000000
0.000000
1.000000
0.980316
0.197434
0.000000
23
-0.095782
0.995402
0.000000
0.000000
0.000000
1.000000
0.995402
0.095782
0.000000
24
0.000350
1.000000
0.000000
0.000000
0.000000
1.000000
1.000000
-0.000350
0.000000
25
0.014187
0.999899
0.000000
0.000000
0.000000
1.000000
0.999899
-0.014187
0.000000
26
-0.005594
0.999984
0.000000
0.000000
0.000000
1.000000
0.999984
0.005594
0.000000
27
0.093693
0.995601
0.000000
0.000000
0.000000
1.000000
0.995601
-0.093693
0.000000
28
0.217089
0.976152
0.000000
0.000000
0.000000
1.000000
0.976152
-0.217089
0.000000
29
0.213947
0.976845
0.000000
0.000000
0.000000
1.000000
0.976845
-0.213947
0.000000
30
0.323564
0.946206
0.000000
0.000000
0.000000
1.000000
0.946206
-0.323564
0.000000
31
0.413484
0.910511
0.000000
0.000000
0.000000
1.000000
0.910511
-0.413484
0.000000
32
0.438000
0.898975
0.000000
0.000000
0.000000
1.000000
0.898975
-0.438000
0.000000
33
0.409702
0.912219
0.000000
0.000000
0.000000
1.000000
0.912219
-0.409702
0.000000
34
0.548788
0.835961
0.000000
0.000000
0.000000
1.000000
0.835961
-0.548788
0.000000
35
0.599773
0.800170
0.000000
0.000000
0.000000
1.000000
0.800170
-0.599773
0.000000
36
0.668772
0.743468
0.000000
0.000000
0.000000
1.000000
0.743468
-0.668772
0.000000
37
0.565374
0.824834
0.000000
0.000000
0.000000
1.000000
0.824834
-0.565374
0.000000
38
0.737310
0.675555
0.000000
0.000000
0.000000
1.000000
0.675555
-0.737310
0.000000
39
0.739650
0.672991
0.000000
0.000000
0.000000
1.000000
0.672991
-0.739650
0.000000
40
0.767415
0.641151
0.000000
0.000000
0.000000
1.000000
0.641151
-0.767415
0.000000
41
0.812640
0.582767
0.000000
0.000000
0.000000
1.000000
0.582767
-0.812640
0.000000
42
0.839921
0.542709
0.000000
0.000000
0.000000
1.000000
0.542709
-0.839921
0.000000
43
0.910309
0.413930
0.000000
0.000000
0.000000
1.000000
0.413930
-0.910309
0.000000
44
0.926317
0.376745
0.000000
0.000000
0.000000
1.000000
0.376745
-0.926317
0.000000
45
0.974500
0.224386
0.000000
0.000000
0.000000
1.000000
0.224386
-0.974500
0.000000
46
0.939330
0.343014
0.000000
0.000000
0.000000
1.000000
0.343014
-0.939330
0.000000
47
0.985380
0.170369
0.000000
0.000000
0.000000
1.000000
0.170369
-0.985380
0.000000
48
0.988093
0.153855
0.000000
0.000000
0.000000
1.000000
0.153855
-0.988093
0.000000
49
0.999932
0.011636
0.000000
0.000000
0.000000
1.000000
0.011636
-0.999932
0.000000
50
0.994792
-0.101927
0.000000
0.000000
0.000000
1.000000
-0.101927
-0.994792
0.000000
51
0.997706
0.067703
0.000000
0.000000
0.000000
1.000000
0.067703
-0.997706
0.000000
52
0.985042
-0.172315
0.000000
0.000000
0.000000
1.000000
-0.172315
-0.985042
0.000000
53
0.983066
-0.183253
0.000000
0.000000
0.000000
1.000000
-0.183253
-0.983066
0.000000
54
0.983963
-0.178375
0.000000
0.000000
0.000000
1.000000
-0.178375
-0.983963
0.000000
55
0.920394
-0.390992
0.000000
0.000000
0.000000
1.000000
-0.390992
-0.920394
0.000000
56
0.921125
-0.389266
0.000000
0.000000
0.000000
1.000000
-0.389266
-0.921125
0.000000
57
0.918894
-0.394505
0.000000
0.000000
0.000000
1.000000
-0.394505
-0.918894
0.000000
58
0.846374
-0.532589
0.000000
0.000000
0.000000
1.000000
-0.532589
-0.846374
0.000000
59
0.877690
-0.479229
0.000000
0.000000
0.000000
1.000000
-0.479229
-0.877690
0.000000
60
0.779499
-0.626403
0.000000
0.000000
0.000000
1.000000
-0.626403
-0.779499
0.000000
61
0.840172
-0.542321
0.000000
0.000000
0.000000
1.000000
-0.542321
-0.840172
0.000000
62
0.732702
-0.680550
0.000000
0.000000
0.000000
1.000000
-0.680550
-0.732702
0.000000
63
0.647199
-0.762322
0.000000
0.000000
0.000000
1.000000
-0.762322
-0.647199
0.000000
64
0.587138
-0.809487
0.000000
0.000000
0.000000
1.000000
-0.809487
-0.587138
0.000000
65
0.611691
-0.791097
0.000000
0.000000
0.000000
1.000000
-0.791097
-0.611691
0.000000
66
0.463897
-0.885889
0.000000
0.000000
0.000000
1.000000
-0.885889
-0.463897
0.000000
67
0.420935
-0.907091
0.000000
0.000000
0.000000
1.000000
-0.907091
-0.420935
0.000000
68
0.424678
-0.905344
0.000000
0.000000
0.000000
1.000000
-0.905344
-0.424678
0.000000
69
0.273792
-0.961789
0.000000
0.000000
0.000000
1.000000
-0.961789
-0.273792
0.000000
70
0.228927
-0.973444
0.000000
0.000000
0.000000
1.000000
-0.973444
-0.228927
0.000000
71
0.121289
-0.992617
0.000000
0.000000
0.000000
1.000000
-0.992617
-0.121289
0.000000
72
0.156920
-0.987611
0.000000
0.000000
0.000000
1.000000
-0.987611
-0.156920
0.000000
73
0.067883
-0.997693
0.000000
0.000000
0.000000
1.000000
-0.997693
-0.067883
0.000000
74
-0.056671
-0.998393
0.000000
0.000000
0.000000
1.000000
-0.998393
0.056671
0.000000
75
0.074855
-0.997194
0.000000
0.000000
0.000000
1.000000
-0.997194
-0.074855
0.000000
76
-0.057581
-0.998341
0.000000
0.000000
0.000000
1.000000
-0.998341
0.057581
0.000000
77
-0.178112
-0.984010
0.000000
0.000000
0.000000
1.000000
-0.984010
0.178112
0.000000
78
-0.211172
-0.977449
0.000000
0.000000
0.000000
1.000000
-0.977449
0.211172
0.000000
79
-0.189357
-0.981908
0.000000
0.000000
0.000000
1.000000
-0.981908
0.189357
0.000000
80
-0.313748
-0.949506
0.000000
0.000000
0.000000
1.000000
-0.949506
0.313748
0.000000
81
-0.291654
-0.956524
0.000000
0.000000
0.000000
1.000000
-0.956524
0.291654
0.000000
82
-0.441559
-0.897232
0.000000
0.000000
0.000000
1.000000
-0.897232
0.441559
0.000000
83
-0.477203
-0.878793
0.000000
0.000000
0.000000
1.000000
-0.878793
0.477203
0.000000
84
-0.550727
-0.834685
0.000000
0.000000
0.000000
1.000000
-0.834685
0.550727
0.000000
85
-0.547065
-0.837090
0.000000
0.000000
0.000000
1.000000
-0.837090
0.547065
0.000000
86
-0.611153
-0.791513
0.000000
0.000000
0.000000
1.000000
-0.791513
0.611153
0.000000
87
-0.725771
-0.687936
0.000000
0.000000
0.000000
1.000000
-0.687936
0.725771
0.000000
88
-0.721135
-0.692794
0.000000
0.000000
0.000000
1.000000
-0.692794
0.721135
0.000000
89
-0.769761
-0.638332
0.000000
0.000000
0.000000
1.000000
-0.638332
0.769761
0.000000
90
-0.820667
-0.571407
0.000000
0.000000
0.000000
1.000000
-0.571407
0.820667
0.000000
91
-0.873201
-0.487361
0.000000
0.000000
0.000000
1.000000
-0.487361
0.873201
0.000000
92
-0.838468
-0.544951
0.000000
0.000000
0.000000
1.000000
-0.544951
0.838468
0.000000
93
-0.877706
-0.479199
0.000000
0.000000
0.000000
1.000000
-0.479199
0.877706
0.000000
94
-0.917180
-0.398473
0.000000
0.000000
0.000000
1.000000
-0.398473
0.917180
0.000000
95
-0.956942
-0.290280
0.000000
0.000000
0.000000
1.000000
-0.290280
0.956942
0.000000
96
-0.947059
-0.321061
0.000000
0.000000
0.000000
1.000000
-0.321061
0.947059
0.000000
97
-0.991216
-0.132255
0.000000
0.000000
0.000000
1.000000
-0.132255
0.991216
0.000000
98
-0.993645
-0.112559
0.000000
0.000000
0.000000
1.000000
-0.112559
0.993645
0.000000
99
-0.998803
-0.048917
0.000000
0.000000
0.000000
1.000000
-0.048917
0.998803
0.000000
100
-0.999405
-0.034503
0.000000
0.000000
0.000000
1.000000
-0.034503
0.999405
0.000000
