1
-0.927414
0.374036
0.000000
0.000000
0.000000
1.000000
0.374036
0.927414
0.000000
2
-0.976600
0.215065
0.000000
0.000000
0.000000
1.000000
0.215065
0.976600
0.000000
3
-0.988977
0.148068
0.000000
0.000000
0.000000
1.000000
0.148068
0.988977
0.000000
4
-0.999983
-0.005828
0.000000
0.000000
0.000000
1.000000
-0.005828
0.999983
0.000000
5
-0.790811
0.612061
0.000000
0.000000
0.000000
1.000000
0.612061
0.790811
0.000000
6
-0.922214
0.386680
0.000000
0.000000
0.000000
1.000000
0.386680
0.922214
0.000000
7
-0.942154
0.335181
0.000000
0.000000
0.000000
1.000000
0.335181
0.942154
0.000000
8
-0.834035
0.551712
0.000000
0.000000
0.000000
1.000000
0.551712
0.834035
0.000000
9
-0.555036
0.831826
0.000000
0.000000
0.000000
1.000000
0.831826
0.555036
0.000000
10
-0.744514
0.667607
0.000000
0.000000
0.000000
1.000000
0.667607
0.744514
0.000000
11
-0.843901
0.536499
0.000000
0.000000
0.000000
1.000000
0.536499
0.843901
0.000000
12
-0.971334
0.237720
0.000000
0.000000
0.000000
1.000000
0.237720
0.971334
0.000000
13
-0.118486
0.992956
0.000000
0.000000
0.000000
1.000000
0.992956
0.118486
0.000000
14
-0.333195
0.942858
0.000000
0.000000
0.000000
1.000000
0.942858
0.333195
0.000000
15
-0.804366
0.594134
0.000000
0.000000
0.000000
1.000000
0.594134
0.804366
0.000000
16
-0.587579
0.809167
0.000000
0.000000
0.000000
1.000000
0.809167
0.587579
0.000000
17
-0.588125
0.808770
0.000000
0.000000
0.000000
1.000000
0.808770
0.588125
0.000000
18
-0.641166
0.767403
0.000000
0.000000
0.000000
1.000000
0.767403
0.641166
0.000000
19
-0.485273
0.874363
0.000000
0.000000
0.000000
1.000000
0.874363
0.485273
0.000000
20
-0.124112
0.992268
0.000000
0.000000
0.000000
1.000000
0.992268
0.124112
0.000000
21
-0.424459
0.905447
0.000000
0.000000
0.000000
1.000000
0.905447
0.424459
0.000000
22
-0.113387
0.993551
0.000000
0.000000
0.000000
1.000000
0.993551
0.113387
0.000000
23
-0.210422
0.977611
0.000000
0.000000
0.000000
1.000000
0.977611
0.210422
0.000000
24
0.128000
0.991774
0.000000
0.000000
0.000000
1.000000
0.991774
-0.128000
0.000000
25
-0.269046
0.963127
0.000000
0.000000
0.000000
1.000000
0.963127
0.269046
0.000000
26
-0.028519
0.999593
0.000000
0.000000
0.000000
1.000000
0.999593
0.028519
0.000000
27
-0.681641
0.731686
0.000000
0.000000
0.000000
1.000000
0.731686
0.681641
0.000000
28
0.507240
0.861805
0.000000
0.000000
0.000000
1.000000
0.861805
-0.507240
0.000000
29
0.081173
0.996700
0.000000
0.000000
0.000000
1.000000
0.996700
-0.081173
0.000000
30
-0.070020
0.997546
0.000000
0.000000
0.000000
1.000000
0.997546
0.070020
0.000000
31
0.815547
0.578691
0.000000
0.000000
0.000000
1.000000
0.578691
-0.815547
0.000000
32
0.445352
0.895356
0.000000
0.000000
0.000000
1.000000
0.895356
-0.445352
0.000000
33
0.462355
0.886695
0.000000
0.000000
0.000000
1.000000
0.886695
-0.462355
0.000000
34
0.834575
0.550894
0.000000
0.000000
0.000000
1.000000
0.550894
-0.834575
0.000000
35
0.622867
0.782328
0.000000
0.000000
0.000000
1.000000
0.782328
-0.622867
0.000000
36
0.717047
0.697025
0.000000
0.000000
0.000000
1.000000
0.697025
-0.717047
0.000000
37
0.855206
0.518287
0.000000
0.000000
0.000000
1.000000
0.518287
-0.855206
0.000000
38
0.810616
0.585578
0.000000
0.000000
0.000000
1.000000
0.585578
-0.810616
0.000000
39
0.865756
0.500466
0.000000
0.000000
0.000000
1.000000
0.500466
-0.865756
0.000000
40
0.595198
0.803579
0.000000
0.000000
0.000000
1.000000
0.803579
-0.595198
0.000000
41
0.649211
0.760609
0.000000
0.000000
0.000000
1.000000
0.760609
-0.649211
0.000000
42
0.748887
0.662698
0.000000
0.000000
0.000000
1.000000
0.662698
-0.748887
0.000000
43
0.623287
0.781993
0.000000
0.000000
0.000000
1.000000
0.781993
-0.623287
0.000000
44
0.999932
-0.011661
0.000000
0.000000
0.000000
1.000000
-0.011661
-0.999932
0.000000
45
0.915569
0.402161
0.000000
0.000000
0.000000
1.000000
0.402161
-0.915569
0.000000
46
0.965491
-0.260437
0.000000
0.000000
0.000000
1.000000
-0.260437
-0.965491
0.000000
47
0.983111
0.183010
0.000000
0.000000
0.000000
1.000000
0.183010
-0.983111
0.000000
48
0.996492
-0.083688
0.000000
0.000000
0.000000
1.000000
-0.083688
-0.996492
0.000000
49
0.942575
0.333995
0.000000
0.000000
0.000000
1.000000
0.333995
-0.942575
0.000000
50
0.933136
0.359524
0.000000
0.000000
0.000000
1.000000
0.359524
-0.933136
0.000000
51
0.996970
-0.077792
0.000000
0.000000
0.000000
1.000000
-0.077792
-0.996970
0.000000
52
0.986693
0.162596
0.000000
0.000000
0.000000
1.000000
0.162596
-0.986693
0.000000
53
0.995309
-0.096744
0.000000
0.000000
0.000000
1.000000
-0.096744
-0.995309
0.000000
54
0.984809
-0.173639
0.000000
0.000000
0.000000
1.000000
-0.173639
-0.984809
0.000000
55
0.947212
0.320609
0.000000
0.000000
0.000000
1.000000
0.320609
-0.947212
0.000000
56
0.970543
-0.240927
0.000000
0.000000
0.000000
1.000000
-0.240927
-0.970543
0.000000
57
0.898912
-0.438128
0.000000
0.000000
0.000000
1.000000
-0.438128
-0.898912
0.000000
58
0.951085
-0.308930
0.000000
0.000000
0.000000
1.000000
-0.308930
-0.951085
0.000000
59
0.651945
-0.758267
0.000000
0.000000
0.000000
1.000000
-0.758267
-0.651945
0.000000
60
0.541934
-0.840421
0.000000
0.000000
0.000000
1.000000
-0.840421
-0.541934
0.000000
61
0.824996
-0.565138
0.000000
0.000000
0.000000
1.000000
-0.565138
-0.824996
0.000000
62
0.728490
-0.685057
0.000000
0.000000
0.000000
1.000000
-0.685057
-0.728490
0.000000
63
0.674448
-0.738323
0.000000
0.000000
0.000000
1.000000
-0.738323
-0.674448
0.000000
64
0.178943
-0.983859
0.000000
0.000000
0.000000
1.000000
-0.983859
-0.178943
0.000000
65
0.264203
-0.964467
0.000000
0.000000
0.000000
1.000000
-0.964467
-0.264203
0.000000
66
0.149721
-0.988728
0.000000
0.000000
0.000000
1.000000
-0.988728
-0.149721
0.000000
67
0.275751
-0.961229
0.000000
0.000000
0.000000
1.000000
-0.961229
-0.275751
0.000000
68
0.301349
-0.953514
0.000000
0.000000
0.000000
1.000000
-0.953514
-0.301349
0.000000
69
0.652658
-0.757653
0.000000
0.000000
0.000000
1.000000
-0.757653
-0.652658
0.000000
70
0.196255
-0.980553
0.000000
0.000000
0.000000
1.000000
-0.980553
-0.196255
0.000000
71
0.076336
-0.997082
0.000000
0.000000
0.000000
1.000000
-0.997082
-0.076336
0.000000
72
0.311805
-0.950146
0.000000
0.000000
0.000000
1.000000
-0.950146
-0.311805
0.000000
73
0.515620
-0.856817
0.000000
0.000000
0.000000
1.000000
-0.856817
-0.515620
0.000000
74
-0.363816
-0.931471
0.000000
0.000000
0.000000
1.000000
-0.931471
0.363816
0.000000
75
-0.276776
-0.960934
0.000000
0.000000
0.000000
1.000000
-0.960934
0.276776
0.000000
76
-0.133719
-0.991019
0.000000
0.000000
0.000000
1.000000
-0.991019
0.133719
0.000000
77
-0.459651
-0.888100
0.000000
0.000000
0.000000
1.000000
-0.888100
0.459651
0.000000
78
-0.168966
-0.985622
0.000000
0.000000
0.000000
1.000000
-0.985622
0.168966
0.000000
79
-0.006419
-0.999979
0.000000
0.000000
0.000000
1.000000
-0.999979
0.006419
0.000000
80
-0.555304
-0.831648
0.000000
0.000000
0.000000
1.000000
-0.831648
0.555304
0.000000
81
-0.569659
-0.821881
0.000000
0.000000
0.000000
1.000000
-0.821881
0.569659
0.000000
82
-0.729671
-0.683798
0.000000
0.000000
0.000000
1.000000
-0.683798
0.729671
0.000000
83
-0.772243
-0.635327
0.000000
0.000000
0.000000
1.000000
-0.635327
0.772243
0.000000
84
-0.848749
-0.528796
0.000000
0.000000
0.000000
1.000000
-0.528796
0.848749
0.000000
85
-0.017467
-0.999847
0.000000
0.000000
0.000000
1.000000
-0.999847
0.017467
0.000000
86
-0.745393
-0.666625
0.000000
0.000000
0.000000
1.000000
-0.666625
0.745393
0.000000
87
-0.586704
-0.809802
0.000000
0.000000
0.000000
1.000000
-0.809802
0.586704
0.000000
88
-0.171916
-0.985112
0.000000
0.000000
0.000000
1.000000
-0.985112
0.171916
0.000000
89
-0.875193
-0.483774
0.000000
0.000000
0.000000
1.000000
-0.483774
0.875193
0.000000
90
-0.999908
-0.013586
0.000000
0.000000
0.000000
1.000000
-0.013586
0.999908
0.000000
91
-0.750800
-0.660530
0.000000
0.000000
0.000000
1.000000
-0.660530
0.750800
0.000000
92
-0.726820
-0.686827
0.000000
0.000000
0.000000
1.000000
-0.686827
0.726820
0.000000
93
-0.800256
-0.599659
0.000000
0.000000
0.000000
1.000000
-0.599659
0.800256
0.000000
94
-0.993943
0.109895
0.000000
0.000000
0.000000
1.000000
0.109895
0.993943
0.000000
95
-0.844041
-0.536279
0.000000
0.000000
0.000000
1.000000
-0.536279
0.844041
0.000000
96
-0.989161
0.146835
0.000000
0.000000
0.000000
1.000000
0.146835
0.989161
0.000000
97
-0.998522
0.054343
0.000000
0.000000
0.000000
1.000000
0.054343
0.998522
0.000000
98
-0.939010
-0.343889
0.000000
0.000000
0.000000
1.000000
-0.343889
0.939010
0.000000
99
-0.982221
-0.187728
0.000000
0.000000
0.000000
1.000000
-0.187728
0.982221
0.000000
100
-0.782684
-0.622420
0.000000
0.000000
0.000000
1.000000
-0.622420
0.782684
0.000000
