1
1.570796
-0.062613
0.000000
2
1.570796
0.730227
0.000000
3
-1.570796
-0.735082
3.141593
4
1.570796
-0.394413
0.000000
5
1.570796
1.142391
0.000000
6
-1.570796
-0.589807
3.141593
7
1.570796
0.519611
0.000000
8
-1.570796
1.488301
3.141593
9
1.570796
-0.308692
0.000000
10
-1.570796
-0.447137
3.141593
11
1.570796
0.168022
0.000000
12
1.570796
0.586318
0.000000
13
-1.570796
-0.883132
3.141593
14
1.570796
0.984800
0.000000
15
-1.570796
0.353583
3.141593
16
-1.570796
0.760055
3.141593
17
-1.570796
0.439509
3.141593
18
1.570796
-1.153209
0.000000
19
1.570796
-0.986125
0.000000
20
-1.570796
1.430211
3.141593
21
1.570796
-1.020141
0.000000
22
1.570796
1.229669
0.000000
23
1.570796
1.144676
0.000000
24
-1.570796
-0.849086
3.141593
25
-1.570796
-0.982428
3.141593
26
-1.570796
0.400550
3.141593
27
1.570796
0.377781
0.000000
28
-1.570796
0.084644
3.141593
29
-1.570796
0.405348
3.141593
30
-1.570796
-1.402842
3.141593
31
1.570796
0.047226
0.000000
32
-1.570796
-1.254720
3.141593
33
-1.570796
0.148255
3.141593
34
-1.570796
0.787368
3.141593
35
1.570796
1.330482
0.000000
36
1.570796
1.180810
0.000000
37
1.570796
1.066509
0.000000
38
1.570796
-0.439205
0.000000
39
1.570796
-0.913115
0.000000
40
-1.570796
1.454510
3.141593
41
-1.570796
0.657254
3.141593
42
1.570796
-0.146101
0.000000
43
1.570796
-0.839637
0.000000
44
-1.570796
0.956794
3.141593
45
1.570796
-0.392301
0.000000
46
-1.570796
0.678029
3.141593
47
-1.570796
1.557249
3.141593
48
1.570796
-0.207989
0.000000
49
-1.570796
-0.129323
3.141593
50
1.570796
-0.920535
0.000000
51
-1.570796
1.142298
3.141593
52
-1.570796
-0.207209
3.141593
53
1.570796
1.505079
0.000000
54
1.570796
-0.004465
0.000000
55
1.570796
1.220506
0.000000
56
1.570796
-1.475135
0.000000
57
-1.570796
-0.670201
3.141593
58
-1.570796
1.068698
3.141593
59
1.570796
0.859659
0.000000
60
-1.570796
-0.958549
3.141593
61
1.570796
0.263203
0.000000
62
1.570796
-0.084008
0.000000
63
1.570796
0.520382
0.000000
64
-1.570796
0.136709
3.141593
65
-1.570796
0.095847
3.141593
66
1.570796
-1.082626
0.000000
67
1.570796
-0.746315
0.000000
68
-1.570796
1.345221
3.141593
69
1.570796
-0.550411
0.000000
70
-1.570796
0.647003
3.141593
71
-1.570796
1.316537
3.141593
72
-1.570796
0.156147
3.141593
73
-1.570796
1.111559
3.141593
74
1.570796
-0.293380
0.000000
75
-1.570796
1.406469
3.141593
76
-1.570796
1.351303
3.141593
77
1.570796
-0.457561
0.000000
78
-1.570796
-1.491279
3.141593
79
1.570796
1.088111
0.000000
80
-1.570796
-0.897988
3.141593
81
1.570796
0.644411
0.000000
82
1.570796
0.589827
0.000000
83
1.570796
-0.302590
0.000000
84
-1.570796
0.294191
3.141593
85
1.570796
-1.492635
0.000000
86
1.570796
0.522407
0.000000
87
1.570796
-0.048283
0.000000
88
1.570796
1.072811
0.000000
89
1.570796
1.426503
0.000000
90
-1.570796
-1.441596
3.141593
91
1.570796
-0.490837
0.000000
92
-1.570796
-0.286358
3.141593
93
1.570796
-0.305321
0.000000
94
-1.570796
-0.057130
3.141593
95
-1.570796
0.607525
3.141593
96
1.570796
-0.832335
0.000000
97
1.570796
0.015793
0.000000
98
1.570796
-0.846778
0.000000
99
1.570796
0.664877
0.000000
100
-1.570796
-0.360238
3.141593
