1
-1.570796
0.703883
3.141593
2
-1.570796
0.307853
3.141593
3
-1.570796
0.108732
3.141593
4
-1.570796
-0.262984
3.141593
5
-1.570796
1.003169
3.141593
6
-1.570796
0.417067
3.141593
7
-1.570796
0.243773
3.141593
8
-1.570796
0.666175
3.141593
9
-1.570796
1.399292
3.141593
10
-1.570796
0.833662
3.141593
11
-1.570796
0.441415
3.141593
12
-1.570796
-0.273947
3.141593
13
1.570796
1.054344
0.000000
14
1.570796
1.559027
0.000000
15
-1.570796
0.329899
3.141593
16
-1.570796
0.880155
3.141593
17
-1.570796
0.815974
3.141593
18
-1.570796
0.618587
3.141593
19
-1.570796
0.934438
3.141593
20
1.570796
1.505502
0.000000
21
-1.570796
0.945395
3.141593
22
-1.570796
1.532030
3.141593
23
-1.570796
1.272448
3.141593
24
1.570796
1.251260
0.000000
25
-1.570796
1.025992
3.141593
26
-1.570796
1.450919
3.141593
27
-1.570796
-0.054874
3.141593
28
1.570796
0.695333
0.000000
29
-1.570796
1.481993
3.141593
30
-1.570796
1.116483
3.141593
31
1.570796
0.040439
0.000000
32
1.570796
1.087485
0.000000
33
1.570796
1.112152
0.000000
34
1.570796
0.161560
0.000000
35
1.570796
0.854311
0.000000
36
1.570796
0.662835
0.000000
37
1.570796
0.272880
0.000000
38
1.570796
0.497205
0.000000
39
1.570796
0.357124
0.000000
40
1.570796
1.238251
0.000000
41
1.570796
1.163014
0.000000
42
1.570796
0.946175
0.000000
43
1.570796
1.355891
0.000000
44
1.570796
-0.400314
0.000000
45
1.570796
0.513592
0.000000
46
1.570796
-0.778277
0.000000
47
1.570796
0.179599
0.000000
48
1.570796
-0.293236
0.000000
49
1.570796
0.618247
0.000000
50
1.570796
0.735515
0.000000
51
1.570796
-0.092909
0.000000
52
1.570796
0.452306
0.000000
53
1.570796
-0.005297
0.000000
54
1.570796
-0.097719
0.000000
55
1.570796
0.966904
0.000000
56
1.570796
-0.109651
0.000000
57
1.570796
-0.467208
0.000000
58
1.570796
-0.125480
0.000000
59
1.570796
-1.155814
0.000000
60
1.570796
-1.367801
0.000000
61
1.570796
-0.510051
0.000000
62
1.570796
-0.755381
0.000000
63
1.570796
-0.844346
0.000000
64
-1.570796
-1.239470
3.141593
65
-1.570796
-1.477232
3.141593
66
-1.570796
-1.305881
3.141593
67
1.570796
-1.514710
0.000000
68
1.570796
-1.398406
0.000000
69
1.570796
-0.525614
0.000000
70
1.570796
-1.489882
0.000000
71
-1.570796
-1.472290
3.141593
72
1.570796
-1.125108
0.000000
73
1.570796
-0.612997
0.000000
74
-1.570796
-0.763242
3.141593
75
-1.570796
-1.009921
3.141593
76
-1.570796
-1.365386
3.141593
77
-1.570796
-0.741256
3.141593
78
-1.570796
-1.419730
3.141593
79
1.570796
-1.332307
0.000000
80
-1.570796
-0.707500
3.141593
81
-1.570796
-0.735606
3.141593
82
-1.570796
-0.374938
3.141593
83
-1.570796
-0.308723
3.141593
84
-1.570796
-0.109053
3.141593
85
1.570796
-0.977414
0.000000
86
-1.570796
-0.579698
3.141593
87
-1.570796
-1.070814
3.141593
88
1.570796
-1.099531
0.000000
89
-1.570796
-0.318773
3.141593
90
-1.570796
0.601146
3.141593
91
-1.570796
-0.877563
3.141593
92
-1.570796
-1.011575
3.141593
93
-1.570796
-0.846327
3.141593
94
-1.570796
0.597226
3.141593
95
-1.570796
-0.817885
3.141593
96
-1.570796
0.546063
3.141593
97
-1.570796
0.297235
3.141593
98
-1.570796
-0.576446
3.141593
99
-1.570796
-0.314866
3.141593
100
-1.570796
-1.343661
3.141593
