1
-1.570796
0.008660
3.141593
2
-1.570796
0.104136
3.141593
3
-1.570796
-0.002194
3.141593
4
-1.570796
0.264206
3.141593
5
-1.570796
0.225114
3.141593
6
-1.570796
0.274560
3.141593
7
-1.570796
0.458889
3.141593
8
-1.570796
0.574727
3.141593
9
-1.570796
0.475111
3.141593
10
-1.570796
0.735856
3.141593
11
-1.570796
0.671493
3.141593
12
-1.570796
0.714542
3.141593
13
-1.570796
0.811953
3.141593
14
-1.570796
0.783348
3.141593
15
-1.570796
0.872272
3.141593
16
-1.570796
0.936156
3.141593
17
-1.570796
1.114782
3.141593
18
-1.570796
1.083970
3.141593
19
-1.570796
1.281912
3.141593
20
-1.570796
1.268955
3.141593
21
-1.570796
1.219711
3.141593
22
-1.570796
1.397614
3.141593
23
-1.570796
1.438543
3.141593
24
-1.570796
1.496194
3.141593
25
1.570796
1.458033
0.000000
26
1.570796
1.473751
0.000000
27
1.570796
1.491588
0.000000
28
1.570796
1.329548
0.000000
29
1.570796
1.327263
0.000000
30
1.570796
1.180746
0.000000
31
1.570796
1.127318
0.000000
32
1.570796
1.113514
0.000000
33
1.570796
1.016394
0.000000
34
1.570796
1.007413
0.000000
35
1.570796
0.923687
0.000000
36
1.570796
0.861698
0.000000
37
1.570796
0.783290
0.000000
38
1.570796
0.752724
0.000000
39
1.570796
0.682780
0.000000
40
1.570796
0.591309
0.000000
41
1.570796
0.724200
0.000000
42
1.570796
0.448276
0.000000
43
1.570796
0.293433
0.000000
44
1.570796
0.405371
0.000000
45
1.570796
0.368322
0.000000
46
1.570796
0.230286
0.000000
47
1.570796
0.267705
0.000000
48
1.570796
0.111991
0.000000
49
1.570796
0.114735
0.000000
50
1.570796
0.039282
0.000000
51
1.570796
-0.043539
0.000000
52
1.570796
-0.184819
0.000000
53
1.570796
-0.082806
0.000000
54
1.570796
-0.325105
0.000000
55
1.570796
-0.329806
0.000000
56
1.570796
-0.391419
0.000000
57
1.570796
-0.422477
0.000000
58
1.570796
-0.581237
0.000000
59
1.570796
-0.585629
0.000000
60
1.570796
-0.550253
0.000000
61
1.570796
-0.692973
0.000000
62
1.570796
-0.653203
0.000000
63
1.570796
-0.818750
0.000000
64
1.570796
-0.894503
0.000000
65
1.570796
-0.921268
0.000000
66
1.570796
-1.022781
0.000000
67
1.570796
-1.144347
0.000000
68
1.570796
-1.062949
0.000000
69
1.570796
-1.253142
0.000000
70
1.570796
-1.260088
0.000000
71
1.570796
-1.240913
0.000000
72
1.570796
-1.423239
0.000000
73
1.570796
-1.567582
0.000000
74
1.570796
-1.512415
0.000000
75
-1.570796
-1.425072
3.141593
76
-1.570796
-1.550500
3.141593
77
-1.570796
-1.451456
3.141593
78
-1.570796
-1.374011
3.141593
79
-1.570796
-1.287765
3.141593
80
-1.570796
-1.308519
3.141593
81
-1.570796
-1.175467
3.141593
82
-1.570796
-1.119863
3.141593
83
-1.570796
-0.992501
3.141593
84
-1.570796
-0.970082
3.141593
85
-1.570796
-0.970207
3.141593
86
-1.570796
-0.926627
3.141593
87
-1.570796
-0.837392
3.141593
88
-1.570796
-0.774290
3.141593
89
-1.570796
-0.653167
3.141593
90
-1.570796
-0.571473
3.141593
91
-1.570796
-0.511400
3.141593
92
-1.570796
-0.436243
3.141593
93
-1.570796
-0.451898
3.141593
94
-1.570796
-0.320150
3.141593
95
-1.570796
-0.379252
3.141593
96
-1.570796
-0.278259
3.141593
97
-1.570796
-0.237966
3.141593
98
-1.570796
-0.106096
3.141593
99
-1.570796
-0.049644
3.141593
100
-1.570796
-0.043930
3.141593
