1
-1.570796
-0.740266
3.141593
2
1.570796
-1.510187
0.000000
3
1.570796
1.098242
0.000000
4
1.570796
1.296683
0.000000
5
-1.570796
-1.052724
3.141593
6
-1.570796
-0.333464
3.141593
7
1.570796
-0.839294
0.000000
8
-1.570796
-0.218674
3.141593
9
1.570796
0.212519
0.000000
10
-1.570796
0.437821
3.141593
11
-1.570796
0.626706
3.141593
12
-1.570796
0.150724
3.141593
13
-1.570796
0.082232
3.141593
14
-1.570796
1.055355
3.141593
15
-1.570796
-0.168667
3.141593
16
1.570796
-0.884842
0.000000
17
1.570796
-0.956166
0.000000
18
1.570796
-0.309314
0.000000
19
1.570796
1.081921
0.000000
20
1.570796
-0.776164
0.000000
21
1.570796
-0.802005
0.000000
22
1.570796
0.598031
0.000000
23
1.570796
-0.604353
0.000000
24
1.570796
1.458606
0.000000
25
1.570796
0.760440
0.000000
26
-1.570796
-1.163230
3.141593
27
1.570796
-1.488015
0.000000
28
1.570796
-1.219279
0.000000
29
1.570796
0.326524
0.000000
30
1.570796
-0.127390
0.000000
31
-1.570796
1.458179
3.141593
32
1.570796
0.639113
0.000000
33
-1.570796
-0.491069
3.141593
34
1.570796
-0.425142
0.000000
35
1.570796
-0.223910
0.000000
36
1.570796
-0.973310
0.000000
37
-1.570796
1.175447
3.141593
38
1.570796
0.904389
0.000000
39
1.570796
-0.894038
0.000000
40
-1.570796
0.089846
3.141593
41
-1.570796
-0.612341
3.141593
42
-1.570796
-1.447417
3.141593
43
1.570796
0.195106
0.000000
44
1.570796
-1.261819
0.000000
45
1.570796
0.373145
0.000000
46
1.570796
-0.615819
0.000000
47
-1.570796
-0.967655
3.141593
48
-1.570796
1.179813
3.141593
49
1.570796
-0.402348
0.000000
50
1.570796
-0.786920
0.000000
51
-1.570796
0.743150
3.141593
52
1.570796
1.249119
0.000000
53
-1.570796
1.229330
3.141593
54
-1.570796
-1.187720
3.141593
55
1.570796
-0.107044
0.000000
56
1.570796
0.767513
0.000000
57
-1.570796
-0.999346
3.141593
58
1.570796
1.412167
0.000000
59
1.570796
0.874010
0.000000
60
1.570796
0.198332
0.000000
61
-1.570796
1.404536
3.141593
62
-1.570796
1.160947
3.141593
63
1.570796
-0.723318
0.000000
64
1.570796
-1.279381
0.000000
65
1.570796
1.429990
0.000000
66
1.570796
1.428493
0.000000
67
-1.570796
0.599984
3.141593
68
-1.570796
-1.402336
3.141593
69
1.570796
-0.757294
0.000000
70
1.570796
1.133615
0.000000
71
-1.570796
0.215514
3.141593
72
-1.570796
1.136552
3.141593
73
1.570796
1.106794
0.000000
74
1.570796
1.557152
0.000000
75
-1.570796
-1.334190
3.141593
76
1.570796
0.975915
0.000000
77
-1.570796
0.123831
3.141593
78
1.570796
-1.331852
0.000000
79
-1.570796
-0.313622
3.141593
80
-1.570796
1.232565
3.141593
81
1.570796
0.870830
0.000000
82
-1.570796
1.342243
3.141593
83
1.570796
0.519554
0.000000
84
1.570796
1.555872
0.000000
85
-1.570796
-0.542161
3.141593
86
-1.570796
1.152932
3.141593
87
1.570796
0.004762
0.000000
88
-1.570796
-0.158090
3.141593
89
-1.570796
-1.280964
3.141593
90
1.570796
0.003593
0.000000
91
1.570796
0.628961
0.000000
92
-1.570796
0.358458
3.141593
93
-1.570796
1.016367
3.141593
94
1.570796
1.099386
0.000000
95
1.570796
-0.081044
0.000000
96
-1.570796
-0.313079
3.141593
97
1.570796
0.536931
0.000000
98
-1.570796
0.024010
3.141593
99
-1.570796
0.601473
3.141593
100
1.570796
1.546716
0.000000
